11,22,242,2.0,0.624,0.88,9.44,151,213,16,1
11,90,990,8.182,0.385,0.882,2.41,381,873,158,1
10,38,380,3.8,0.434,0.892,2.89,165,339,57,1
1,235,235,235.0,0.923,1.0,27.13,217,235,8,2
16,424,6784,26.5,0.371,0.563,5.34,2514,3820,471,1
10,282,2820,28.2,0.191,0.701,1.43,540,1977,378,1
11,8,88,0.727,0.545,1.0,3.2,48,88,15,1
7,76,532,10.857,0.301,0.859,1.38,160,457,116,1
6,217,1302,36.167,0.25,0.684,1.52,326,890,214,1
10,20,200,2.0,0.29,0.795,2.52,58,159,23,1
4,108,432,27.0,0.778,0.826,56.0,336,357,6,2
1,95,95,95.0,1.0,1.0,95.0,95,95,1,2
11,43,473,3.909,0.336,0.753,2.74,159,356,58,1
5,58,290,11.6,0.09,0.259,1.18,26,75,22,1
10,115,1150,11.5,0.24,0.758,1.48,276,872,187,1
13,58,754,4.462,0.336,0.599,3.2,253,452,79,1
1,57,57,57.0,0.456,1.0,3.71,26,57,7,2
8,82,656,10.25,0.358,0.84,2.24,235,551,105,1
10,43,430,4.3,0.458,0.94,3.58,197,404,55,1
10,121,1210,12.1,0.37,0.873,2.41,448,1056,186,1
14,418,5852,29.857,0.261,0.619,2.16,1525,3625,707,1
3,56,168,18.667,0.065,0.5,1.38,11,84,8,1
12,176,2112,14.667,0.302,0.599,2.61,637,1265,244,1
9,86,774,9.556,0.3,0.677,2.13,232,524,109,1
10,271,2710,27.1,0.188,0.665,1.31,509,1803,388,1
5,13,65,2.6,0.308,0.831,1.82,20,54,11,1
8,21,168,2.625,0.208,0.762,2.92,35,128,12,1
12,497,5964,41.417,0.297,0.733,2.25,1773,4374,789,1
9,39,351,4.333,0.239,0.624,1.53,84,219,55,1
11,62,682,5.636,0.218,0.705,1.62,149,481,92,1
13,1,13,0.077,1.0,1.0,13.0,13,13,1,4
7,20,140,2.857,0.357,0.7,1.85,50,98,27,1
10,15,150,1.5,0.247,0.72,1.61,37,108,23,1
7,23,161,3.286,0.248,0.944,1.21,40,152,33,1
5,4,20,0.8,0.5,0.7,10.0,10,14,1,1
9,35,315,3.889,0.362,0.825,1.97,114,260,58,1
8,71,568,8.875,0.136,0.384,1.31,77,218,59,1
5,32,160,6.4,0.419,0.981,1.31,67,157,51,1
9,4,36,0.444,0.25,0.75,9.0,9,27,1,5
1,41,41,41.0,0.927,1.0,12.67,38,41,3,2
9,12,108,1.333,0.37,1.0,2.0,40,108,20,1
6,59,354,9.833,0.268,0.692,1.27,95,245,75,1
6,13,78,2.167,0.333,0.91,1.37,26,71,19,1
9,49,441,5.444,0.231,0.685,1.46,102,302,70,1
7,9,63,1.286,0.302,0.841,1.73,19,53,11,1
7,23,161,3.286,0.286,0.677,1.59,46,109,29,1
8,31,248,3.875,0.371,0.782,2.0,92,194,46,1
4,3,12,0.75,0.667,0.917,2.67,8,11,3,1
7,32,224,4.571,0.272,0.862,1.53,61,193,40,1
21,4,84,0.19,0.31,0.643,3.71,26,54,7,5
7,18,126,2.571,0.357,1.0,1.55,45,126,29,1
5,26,130,5.2,0.492,0.785,2.37,64,102,27,1
8,29,232,3.625,0.401,0.884,2.38,93,205,39,1
8,168,1344,21.0,0.32,0.909,1.76,430,1222,245,1
8,9,72,1.125,0.361,0.722,1.86,26,52,14,1
7,109,763,15.571,0.283,0.543,1.93,216,414,112,1
8,10,80,1.25,0.363,0.913,3.22,29,73,9,1
8,32,256,4.0,0.375,0.98,2.09,96,251,46,1
8,24,192,3.0,0.26,0.672,1.85,50,129,27,1
8,53,424,6.625,0.38,0.915,1.87,161,388,86,1
6,7,42,1.167,0.5,0.976,2.1,21,41,10,1
7,193,1351,27.571,0.206,0.813,1.37,278,1099,203,1
9,352,3168,39.111,0.205,0.692,1.34,651,2193,486,1
28,32,896,1.143,0.462,0.722,7.02,414,647,59,3
2,535,1070,267.5,0.55,0.586,117.8,589,627,5,2
7,214,1498,30.571,0.461,0.865,2.95,691,1296,234,1
13,37,481,2.846,0.306,0.933,3.59,147,449,41,1
7,50,350,7.143,0.214,0.96,1.23,75,336,61,1
10,39,390,3.9,0.308,0.721,1.69,120,281,71,1
1,118,118,118.0,0.186,1.0,1.05,22,118,21,1
10,16,160,1.6,0.425,0.794,7.56,68,127,9,1
8,33,264,4.125,0.375,0.83,1.9,99,219,52,1
7,64,448,9.143,0.498,0.911,2.93,223,408,76,1
8,203,1624,25.375,0.149,0.767,1.27,242,1246,191,1
17,96,1632,5.647,0.366,0.675,5.15,597,1101,116,1
9,185,1665,20.556,0.417,0.786,3.13,694,1309,222,1
9,232,2088,25.778,0.274,0.782,1.76,573,1633,326,1
13,1,13,0.077,1.0,1.0,13.0,13,13,1,4
5,9,45,1.8,0.267,0.778,1.71,12,35,7,1
9,183,1647,20.333,0.218,0.6,1.42,359,989,252,1
11,104,1144,9.455,0.394,0.824,2.97,451,943,152,1
7,17,119,2.429,0.319,0.933,1.41,38,111,27,1
2,64,128,32.0,0.531,0.586,17.0,68,75,4,2
1,42,42,42.0,0.19,1.0,1.6,8,42,5,2
1,107,107,107.0,0.869,1.0,18.6,93,107,5,2
2,17,34,8.5,0.324,1.0,2.75,11,34,4,1
1,18,18,18.0,0.944,1.0,17.0,17,18,1,2
6,96,576,16.0,0.198,0.668,1.61,114,385,71,1
6,50,300,8.333,0.24,0.63,1.76,72,189,41,1
10,64,640,6.4,0.514,0.966,2.84,329,618,116,1
10,58,580,5.8,0.402,0.893,2.81,233,518,83,1
14,348,4872,24.857,0.169,0.676,1.56,822,3293,526,1
1,14,14,14.0,0.571,1.0,2.0,8,14,4,2
11,57,627,5.182,0.343,0.678,2.95,215,425,73,1
7,27,189,3.857,0.238,0.741,2.81,45,140,16,1
4,115,460,28.75,0.426,0.487,17.82,196,224,11,2
9,12,108,1.333,0.426,1.0,1.64,46,108,28,1
38,410,15580,10.789,0.279,0.696,2.39,4341,10849,1815,1
7,16,112,2.286,0.241,0.634,2.45,27,71,11,1
4,9,36,2.25,0.417,1.0,1.67,15,36,9,1
4,6,24,1.5,0.333,0.792,2.0,8,19,4,1
12,10,120,0.833,0.442,0.792,5.3,53,95,10,1
12,230,2760,19.167,0.164,0.57,3.48,453,1572,130,1
9,122,1098,13.556,0.378,0.961,2.73,415,1055,152,1
6,11,66,1.833,0.303,0.712,1.54,20,47,13,1
9,108,972,12.0,0.376,0.815,2.35,365,792,155,1
27,115,3105,4.259,0.293,0.672,2.35,910,2087,388,1
6,33,198,5.5,0.247,0.813,1.2,49,161,41,1
7,17,119,2.429,0.336,0.908,1.48,40,108,27,1
9,40,360,4.444,0.506,0.964,3.08,182,347,59,1
5,15,75,3.0,0.4,0.947,1.67,30,71,18,1
7,34,238,4.857,0.286,0.756,1.36,68,180,50,1
9,103,927,11.444,0.243,0.663,1.42,225,615,159,1
7,15,105,2.143,0.314,1.0,1.57,33,105,21,1
7,33,231,4.714,0.351,0.957,1.45,81,221,56,1
10,12,120,1.2,0.208,0.583,1.67,25,70,15,5
12,4,48,0.333,0.292,1.0,2.0,14,48,7,5
8,8,64,1.0,0.391,0.781,2.78,25,50,9,1
9,43,387,4.778,0.344,0.982,1.82,133,380,73,1
10,44,440,4.4,0.314,0.623,1.92,138,274,72,1
8,6,48,0.75,0.375,1.0,1.64,18,48,11,1
8,6,48,0.75,0.313,0.792,3.0,15,38,5,1
8,15,120,1.875,0.558,1.0,2.91,67,120,23,1
2,64,128,32.0,0.43,0.602,3.93,55,77,14,2
9,56,504,6.222,0.343,0.706,1.97,173,356,88,1
34,27,918,0.794,0.219,0.554,3.09,201,509,65,5
3,9,27,3.0,0.296,0.667,2.0,8,18,4,1
9,169,1521,18.778,0.333,0.726,2.3,507,1104,220,1
10,39,390,3.9,0.344,0.59,2.79,134,230,48,1
1,36,36,36.0,0.583,1.0,5.25,21,36,4,2
8,25,200,3.125,0.405,0.865,1.84,81,173,44,1
1,50,50,50.0,0.2,1.0,1.11,10,50,9,1
8,7,56,0.875,0.339,0.964,1.36,19,54,14,1
13,441,5733,33.923,0.374,0.625,4.63,2144,3582,463,1
5,13,65,2.6,0.154,0.662,10.0,10,43,1,1
83,277,22991,3.337,0.18,0.365,6.86,4138,8387,603,5
10,189,1890,18.9,0.263,0.515,2.34,498,973,213,1
16,389,6224,24.313,0.364,0.569,5.35,2268,3544,424,1
14,390,5460,27.857,0.358,0.59,4.44,1956,3224,441,1
16,106,1696,6.625,0.192,0.593,1.49,325,1005,218,1
7,28,196,4.0,0.286,0.781,1.56,56,153,36,1
9,107,963,11.889,0.328,0.656,2.08,316,632,152,1
17,398,6766,23.412,0.32,0.608,5.3,2162,4117,408,1
17,245,4165,14.412,0.913,0.997,12.97,3801,4152,293,1
7,8,56,1.143,0.304,0.768,1.42,17,43,12,1
83,326,27058,3.928,0.286,0.671,7.55,7741,18149,1025,5
13,323,4199,24.846,0.256,0.557,2.4,1076,2340,449,1
9,46,414,5.111,0.365,0.848,2.01,151,351,75,1
9,81,729,9.0,0.332,0.974,2.09,242,710,116,1
1,131,131,131.0,0.977,1.0,64.0,128,131,2,2
12,27,324,2.25,0.318,0.898,2.64,103,291,39,1
9,41,369,4.556,0.298,0.775,1.9,110,286,58,1
5,94,470,18.8,0.183,0.798,1.62,86,375,53,1
9,20,180,2.222,0.339,0.872,2.35,61,157,26,1
8,26,208,3.25,0.37,0.947,1.79,77,197,43,1
25,410,10250,16.4,0.272,0.67,2.29,2792,6872,1218,1
11,11,121,1.0,0.537,0.876,5.0,65,106,13,1
6,3,18,500.0,0.5,0.944,2.25,9,17,4,1
7,16,112,2.286,0.42,0.768,2.14,47,86,22,1
11,94,1034,8.545,0.257,0.604,2.18,266,625,122,1
2,17,34,8.5,0.588,0.971,6.67,20,33,3,2
9,36,324,4.0,0.556,0.923,3.21,180,299,56,1
8,26,208,3.25,0.375,0.947,1.77,78,197,44,1
10,10,100,1.0,0.57,0.91,3.17,57,91,18,1
44,3,132,0.068,0.598,0.841,2.47,79,111,32,4
25,300,7500,12.0,0.065,0.071,40.33,484,531,12,2
9,17,153,1.889,0.183,0.529,1.75,28,81,16,1
6,29,174,4.833,0.339,0.874,1.51,59,152,39,1
7,27,189,3.857,0.28,0.947,1.33,53,179,40,1
9,56,504,6.222,0.196,0.617,1.24,99,311,80,1
6,184,1104,30.667,0.323,0.752,1.99,357,830,179,1
7,46,322,6.571,0.354,1.0,1.46,114,322,78,1
7,40,280,5.714,0.336,0.971,1.57,94,272,60,1
6,13,78,2.167,0.308,0.974,1.41,24,76,17,1
10,20,200,2.0,0.4,0.605,3.48,80,121,23,1
10,179,1790,17.9,0.2,0.758,1.41,358,1356,254,1
8,27,216,3.375,0.236,0.685,1.31,51,148,39,1
8,10,80,1.25,0.475,0.888,2.92,38,71,13,1
8,23,184,2.875,0.277,0.832,1.7,51,153,30,1
8,16,128,2.0,0.516,1.0,2.54,66,128,26,1
8,12,96,1.5,0.438,1.0,2.0,42,96,21,1
7,16,112,2.286,0.339,1.0,1.41,38,112,27,1
8,8,64,1.0,0.234,0.953,2.5,15,61,6,1
11,42,462,3.818,0.284,0.654,1.93,131,302,68,1
7,51,357,7.286,0.325,0.871,1.66,116,311,70,1
7,23,161,3.286,0.28,0.783,1.29,45,126,35,1
6,10,60,1.667,0.45,0.85,1.93,27,51,14,1
8,26,208,3.25,0.409,0.933,2.18,85,194,39,1
8,60,480,7.5,0.335,0.915,1.85,161,439,87,1
11,39,429,3.545,0.317,0.711,2.47,136,305,55,1
5,12,60,2.4,0.6,0.9,3.0,36,54,12,1
9,25,225,2.778,0.329,0.502,2.55,74,113,29,1
8,12,96,1.5,0.479,1.0,2.19,46,96,21,1
7,12,84,1.714,0.405,0.988,1.62,34,83,21,1
8,7,56,0.875,0.429,1.0,2.18,24,56,11,1
25,186,4650,7.44,0.478,0.953,7.16,2221,4433,310,1
2,415,830,207.5,0.505,0.578,16.76,419,480,25,2
9,304,2736,33.778,0.202,0.749,1.32,554,2049,419,1
9,148,1332,16.444,0.146,0.558,1.17,195,743,167,1
8,216,1728,27.0,0.408,0.747,3.18,705,1290,222,1
1,186,186,186.0,0.828,1.0,9.06,154,186,17,2
25,187,4675,7.48,0.472,0.943,7.28,2207,4408,303,1
11,155,1705,14.091,0.257,0.584,2.09,438,995,210,1
8,158,1264,19.75,0.102,0.346,1.33,129,437,97,1
8,256,2048,32.0,0.124,0.563,1.26,253,1153,200,1
83,149,12367,1.795,0.388,0.472,28.77,4804,5838,167,3
13,136,1768,10.462,0.415,0.778,4.58,733,1375,160,1
4,9,36,2.25,0.611,0.611,22.0,22,22,1,2
14,320,4480,22.857,0.354,0.585,4.46,1584,2621,355,1
7,148,1036,21.143,0.184,0.816,1.2,191,845,159,1
8,12,96,1.5,0.583,0.813,6.22,56,78,9,1
1,277,277,277.0,0.993,1.0,137.5,275,277,2,2
10,83,830,8.3,0.295,0.725,2.02,245,602,121,1
9,82,738,9.111,0.389,0.92,2.33,287,679,123,1
6,94,564,15.667,0.184,0.934,1.32,104,527,79,1
2,19,38,9.5,0.184,0.553,3.5,7,21,2,1
9,64,576,7.111,0.491,0.984,2.57,283,567,110,1
12,22,264,1.833,0.538,0.852,8.35,142,225,17,1
9,122,1098,13.556,0.339,0.947,2.57,372,1040,145,1
7,30,210,4.286,0.271,0.871,1.33,57,183,43,1
66,3,198,0.045,0.657,0.909,2.6,130,180,50,4
5,7,35,1.4,0.314,0.857,1.83,11,30,6,1
10,63,630,6.3,0.233,0.705,1.69,147,444,87,1
8,71,568,8.875,0.31,0.861,1.85,176,489,95,1
4,95,380,23.75,0.311,0.979,1.51,118,372,78,1
12,26,312,2.167,0.276,0.83,2.21,86,259,39,1
7,12,84,1.714,0.226,0.607,2.38,19,51,8,1
8,33,264,4.125,0.314,0.705,2.13,83,186,39,1
7,34,238,4.857,0.252,1.0,1.43,60,238,42,1
10,51,510,5.1,0.306,0.855,2.29,156,436,68,1
5,116,580,23.2,0.376,0.784,2.18,218,455,100,1
6,27,162,4.5,0.154,0.481,2.78,25,78,9,1
9,26,234,2.889,0.299,0.953,1.67,70,223,42,1
7,65,455,9.286,0.215,0.798,1.38,98,363,71,1
10,49,490,4.9,0.529,0.939,3.01,259,460,86,1
8,75,600,9.375,0.375,0.86,2.05,225,516,110,1
7,42,294,6.0,0.293,0.857,2.61,86,252,33,1
5,7,35,1.4,0.229,0.6,2.67,8,21,3,5
7,16,112,2.286,0.25,0.527,2.0,28,59,14,1
9,37,333,4.111,0.453,0.964,2.7,151,321,56,1
10,271,2710,27.1,0.173,0.557,1.47,469,1510,318,1
8,32,256,4.0,0.402,0.898,1.81,103,230,57,1
14,234,3276,16.714,0.383,0.634,4.2,1256,2077,299,1
6,14,84,2.333,0.274,0.929,1.28,23,78,18,1
10,181,1810,18.1,0.491,0.866,3.25,888,1567,273,1
5,7,35,1.4,0.457,1.0,2.0,16,35,8,1
7,38,266,5.429,0.338,0.729,1.55,90,194,58,1
6,12,72,2.0,0.139,0.514,1.43,10,37,7,5
14,116,1624,8.286,0.27,0.649,2.12,439,1054,207,1
10,271,2710,27.1,0.197,0.748,1.38,533,2027,386,1
5,18,90,3.6,0.378,0.956,1.62,34,86,21,1
10,35,350,3.5,0.337,0.711,2.62,118,249,45,1
7,4,28,0.571,0.25,0.857,1.75,7,24,4,1
21,13,273,0.619,0.168,0.308,2.3,46,84,20,1
9,34,306,3.778,0.356,0.925,2.06,109,283,53,1
7,40,280,5.714,0.336,0.782,1.47,94,219,64,1
7,13,91,1.857,0.286,0.868,1.37,26,79,19,1
9,28,252,3.111,0.317,0.976,1.95,80,246,41,1
10,23,230,2.3,0.348,0.891,2.22,80,205,36,1
9,9,81,1.0,0.358,0.728,2.23,29,59,13,1
11,272,2992,24.727,0.281,0.68,2.0,840,2036,420,1
7,20,140,2.857,0.464,0.986,2.32,65,138,28,1
8,19,152,2.375,0.355,0.868,1.74,54,132,31,1
10,34,340,3.4,0.279,0.8,1.86,95,272,51,1
1,47,47,47.0,1.0,1.0,47.0,47,47,1,2
7,147,1029,21.0,0.215,0.956,1.28,221,984,173,1
11,13,143,1.182,0.35,0.783,2.08,50,112,24,1
8,31,248,3.875,0.375,0.722,2.02,93,179,46,1
8,41,328,5.125,0.323,0.643,1.66,106,211,64,1
8,13,104,1.625,0.423,0.923,1.76,44,96,25,1
16,29,464,1.813,0.144,0.496,2.58,67,230,26,5
7,117,819,16.714,0.186,0.847,1.26,152,694,121,1
8,40,320,5.0,0.372,0.919,1.75,119,294,68,1
12,72,864,6.0,0.615,0.862,6.4,531,745,83,1
5,5,25,1.0,0.36,0.56,3.0,9,14,3,1
39,1,39,0.026,1.0,1.0,39.0,39,39,1,4
10,20,200,2.0,0.605,0.795,8.07,121,159,15,1
5,17,85,3.4,0.376,0.741,2.91,32,63,11,1
6,85,510,14.167,0.239,0.725,1.42,122,370,86,1
12,14,168,1.167,0.357,0.958,2.31,60,161,26,1
9,154,1386,17.111,0.406,0.727,2.93,563,1008,192,1
5,69,345,13.8,0.249,0.632,1.51,86,218,57,1
7,41,287,5.857,0.261,0.885,1.32,75,254,57,1
4,10,40,2.5,0.3,0.65,3.0,12,26,4,1
12,73,876,6.083,0.257,0.591,2.14,225,518,105,1
7,59,413,8.429,0.242,0.685,1.79,100,283,56,1
36,5,180,0.139,0.656,0.817,7.87,118,147,15,1
7,231,1617,33.0,0.26,0.64,1.71,420,1035,246,1
8,3,24,0.375,0.417,0.417,10.0,10,10,1,1
9,47,423,5.222,0.371,0.865,2.75,157,366,57,1
31,322,9982,10.387,0.689,0.753,16.87,6881,7519,408,1
7,119,833,17.0,0.285,0.872,1.5,237,726,158,1
11,116,1276,10.545,0.274,0.804,1.8,350,1026,194,1
18,158,2844,8.778,0.198,0.418,2.46,563,1190,229,1
1,10,10,10.0,1.0,1.0,10.0,10,10,1,2
14,339,4746,24.214,0.248,0.547,2.44,1175,2596,481,1
1,98,98,98.0,0.939,1.0,30.67,92,98,3,2
13,151,1963,11.615,0.302,0.726,2.59,593,1425,229,1
12,61,732,5.083,0.251,0.746,1.77,184,546,104,1
14,422,5908,30.143,0.18,0.58,1.7,1062,3426,624,1
12,98,1176,8.167,0.267,0.627,2.33,314,737,135,1
8,33,264,4.125,0.39,0.973,1.72,103,257,60,1
7,92,644,13.143,0.309,0.896,1.88,199,577,106,1
9,36,324,4.0,0.506,0.901,2.83,164,292,58,1
9,33,297,3.667,0.377,0.842,2.24,112,250,50,1
9,271,2439,30.111,0.285,0.707,1.82,696,1724,382,1
10,24,240,2.4,0.267,0.821,2.06,64,197,31,1
8,245,1960,30.625,0.198,0.555,1.36,389,1088,286,1
8,11,88,1.375,0.159,0.477,1.75,14,42,8,1
9,36,324,4.0,0.491,0.84,3.31,159,272,48,1
10,197,1970,19.7,0.245,0.751,1.87,482,1479,258,1
10,234,2340,23.4,0.188,0.614,1.38,441,1437,319,1
9,22,198,2.444,0.192,0.697,1.31,38,138,29,1
12,410,4920,34.167,0.333,0.661,2.69,1636,3254,608,1
9,36,324,4.0,0.352,0.806,1.75,114,261,65,1
8,70,560,8.75,0.332,0.896,1.66,186,502,112,1
10,262,2620,26.2,0.179,0.606,1.36,469,1587,344,1
7,11,77,1.571,0.325,0.935,1.39,25,72,18,1
10,86,860,8.6,0.423,0.914,2.44,364,786,149,1
5,75,375,15.0,0.259,0.867,1.18,97,325,82,1
7,10,70,1.429,0.3,0.771,1.5,21,54,14,1
5,16,80,3.2,0.425,1.0,1.36,34,80,25,1
4,4,16,1.0,0.563,0.938,4.5,9,15,2,1
7,23,161,3.286,0.323,0.839,1.68,52,135,31,1
8,36,288,4.5,0.406,1.0,1.89,117,288,62,1
7,43,301,6.143,0.292,0.85,1.33,88,256,66,1
13,5,65,0.385,0.323,0.554,5.25,21,36,4,5
9,272,2448,30.222,0.269,0.763,1.87,659,1868,353,1
7,29,203,4.143,0.305,0.837,1.48,62,170,42,1
9,41,369,4.556,0.201,0.653,1.3,74,241,57,1
8,16,128,2.0,0.461,0.93,2.57,59,119,23,1
8,37,296,4.625,0.375,0.922,1.61,111,273,69,1
8,16,128,2.0,0.328,0.961,1.91,42,123,22,1
8,13,104,1.625,0.471,1.0,1.81,49,104,27,1
5,32,160,6.4,0.406,1.0,1.41,65,160,46,1
11,261,2871,23.727,0.246,0.638,1.93,707,1833,366,1
11,19,209,1.727,0.378,0.9,1.93,79,188,41,1
10,46,460,4.6,0.3,0.604,2.09,138,278,66,1
7,51,357,7.286,0.207,0.969,1.14,74,346,65,1
10,144,1440,14.4,0.256,0.625,1.8,368,900,205,1
10,36,360,3.6,0.367,0.789,2.28,132,284,58,1
10,26,260,2.6,0.354,0.769,2.09,92,200,44,1
28,32,896,1.143,0.459,0.73,5.96,411,654,69,1
8,151,1208,18.875,0.174,0.627,1.18,210,758,178,1
7,6,42,0.857,0.405,0.929,1.89,17,39,9,1
10,103,1030,10.3,0.25,0.61,1.77,258,628,146,1
9,532,4788,59.111,0.154,0.642,1.29,736,3073,572,1
7,63,441,9.0,0.338,0.998,1.8,149,440,83,1
14,314,4396,22.429,0.379,0.721,4.66,1664,3168,357,1
9,83,747,9.222,0.376,0.687,2.49,281,513,113,1
9,18,162,2.0,0.66,0.883,7.13,107,143,15,1
25,261,6525,10.44,0.887,0.945,17.75,5785,6164,326,1
2,537,1074,268.5,0.538,0.555,82.57,578,596,7,2
6,184,1104,30.667,0.272,0.697,1.54,300,770,195,1
1,257,257,257.0,1.0,1.0,257.0,257,257,1,2
7,223,1561,31.857,0.205,0.664,1.4,320,1036,229,1
10,18,180,1.8,0.583,0.894,7.5,105,161,14,1
9,183,1647,20.333,0.327,0.744,2.25,538,1225,239,1
11,22,242,2.0,0.579,0.806,7.78,140,195,18,1
9,194,1746,21.556,0.191,0.691,1.4,333,1207,238,1
11,152,1672,13.818,0.365,0.764,2.88,610,1278,212,1
5,28,140,5.6,0.307,0.821,1.39,43,115,31,1
3,113,339,37.667,0.357,0.378,30.25,121,128,4,2
1,159,159,159.0,0.975,1.0,77.5,155,159,2,2
9,49,441,5.444,0.252,0.739,1.61,111,326,69,1
10,17,170,1.7,0.535,0.853,7.58,91,145,12,1
17,24,408,1.412,0.426,0.792,4.46,174,323,39,1
10,18,180,1.8,0.511,0.872,2.97,92,157,31,1
82,314,25748,3.829,0.296,0.502,10.84,7618,12923,703,1
4,32,128,8.0,0.313,1.0,2.11,40,128,19,1
8,170,1360,21.25,0.277,0.89,1.6,377,1210,236,1
8,3,24,0.375,0.458,0.667,2.2,11,16,5,1
8,64,512,8.0,0.301,0.857,1.93,154,439,80,1
6,106,636,17.667,0.129,0.835,1.14,82,531,72,1
9,45,405,5.0,0.447,0.896,3.23,181,363,56,1
6,7,42,1.167,0.333,0.738,2.33,14,31,6,1
10,12,120,1.2,0.55,0.875,4.71,66,105,14,1
5,6,30,1.2,0.4,0.867,2.0,12,26,6,1
10,34,340,3.4,0.297,0.885,1.71,101,301,59,1
8,50,400,6.25,0.253,0.8,2.3,101,320,44,1
11,9,99,0.818,0.485,0.727,6.0,48,72,8,1
6,51,306,8.5,0.454,0.817,2.44,139,250,57,1
8,14,112,1.75,0.143,1.0,2.67,16,112,6,1
7,1,7,0.143,1.0,1.0,7.0,7,7,1,4
10,38,380,3.8,0.432,0.939,2.78,164,357,59,1
9,81,729,9.0,0.357,0.863,2.22,260,629,117,1
6,13,78,2.167,0.295,0.897,1.64,23,70,14,1
9,84,756,9.333,0.25,0.955,1.83,189,722,103,1
3,304,912,101.33,0.555,0.686,42.17,506,626,12,2
7,13,91,1.857,0.363,1.0,1.94,33,91,17,1
12,103,1236,8.583,0.353,0.724,2.55,436,895,171,1
10,271,2710,27.1,0.187,0.602,1.35,508,1632,375,1
7,22,154,3.143,0.247,0.883,1.19,38,136,32,1
5,27,135,5.4,0.304,0.889,1.41,41,120,29,1
7,19,133,2.714,0.398,1.0,1.71,53,133,31,1
5,11,55,2.2,0.436,0.891,1.71,24,49,14,1
10,51,510,5.1,0.22,0.841,1.29,112,429,87,1
6,33,198,5.5,0.268,0.848,1.39,53,168,38,1
8,16,128,2.0,0.477,0.875,2.44,61,112,25,1
6,21,126,3.5,0.349,1.0,1.33,44,126,33,1
8,13,104,1.625,0.442,0.981,2.0,46,102,23,1
7,7,49,1.0,0.306,0.898,1.36,15,44,11,1
8,14,112,1.75,0.42,0.848,2.04,47,95,23,1
7,11,77,1.571,0.312,0.844,1.5,24,65,16,1
7,57,399,8.143,0.273,0.659,1.3,109,263,84,1
20,39,780,1.95,0.14,0.405,3.21,109,316,34,5
8,1,8,0.125,0.875,1.0,7.0,7,8,1,4
6,14,84,2.333,0.56,0.929,2.24,47,78,21,1
6,13,78,2.167,0.359,0.885,1.65,28,69,17,1
8,23,184,2.875,0.353,0.826,1.91,65,152,34,1
11,126,1386,11.455,0.273,0.649,2.11,379,900,180,1
7,8,56,1.143,0.411,0.714,2.3,23,40,10,1
19,13,247,0.684,0.215,0.551,1.51,53,136,35,1
8,49,392,6.125,0.413,0.76,1.93,162,298,84,1
1,88,88,88.0,0.193,1.0,1.0,17,88,17,1
10,32,320,3.2,0.334,0.797,2.1,107,255,51,1
10,43,430,4.3,0.256,0.707,1.8,110,304,61,1
8,14,112,1.75,0.446,0.973,2.27,50,109,22,1
8,5,40,0.625,0.475,1.0,2.38,19,40,8,1
10,534,5340,53.4,0.132,0.519,1.28,703,2771,548,1
8,38,304,4.75,0.128,0.444,1.86,39,135,21,1
7,6,42,0.857,0.357,1.0,1.67,15,42,9,1
1,81,81,81.0,0.901,1.0,24.33,73,81,3,2
12,84,1008,7.0,0.42,0.565,4.75,423,570,89,1
7,34,238,4.857,0.265,0.748,1.4,63,178,45,1
10,159,1590,15.9,0.377,0.763,3.13,600,1213,192,1
9,376,3384,41.778,0.225,0.875,1.34,760,2960,569,1
9,331,2979,36.778,0.195,0.78,1.29,582,2323,452,1
9,46,414,5.111,0.316,0.857,1.72,131,355,76,1
1,117,117,117.0,0.974,1.0,38.0,114,117,3,2
9,82,738,9.111,0.306,0.695,2.86,226,513,79,1
9,148,1332,16.444,0.194,0.685,1.37,258,912,189,1
10,18,180,1.8,0.522,0.694,9.4,94,125,10,1
7,216,1512,30.857,0.458,0.856,3.11,693,1294,223,1
14,385,5390,27.5,0.369,0.561,4.83,1990,3022,412,1
6,80,480,13.333,0.352,0.96,1.51,169,461,112,1
9,1,9,0.111,1.0,1.0,9.0,9,9,1,4
8,22,176,2.75,0.398,0.79,2.59,70,139,27,1
25,169,4225,6.76,0.218,0.971,1.58,923,4101,586,1
10,98,980,9.8,0.463,0.945,2.72,454,926,167,1
20,30,600,1.5,0.433,0.597,13.68,260,358,19,1
11,236,2596,21.455,0.354,0.803,2.91,920,2084,316,1
1,42,42,42.0,0.405,1.0,1.06,17,42,16,1
5,16,80,3.2,0.313,0.813,2.08,25,65,12,1
8,59,472,7.375,0.206,0.691,3.13,97,326,31,1
9,133,1197,14.778,0.236,0.718,1.89,283,859,150,1
7,346,2422,49.429,0.173,0.716,1.23,418,1733,341,1
9,174,1566,19.333,0.178,0.737,1.71,279,1154,163,1
7,1,7,0.143,1.0,1.0,7.0,7,7,1,4
6,9,54,1.5,0.296,0.796,2.0,16,43,8,1
38,52,1976,1.368,0.452,0.911,3.49,894,1801,256,1
7,121,847,17.286,0.272,0.646,1.54,230,547,149,1
9,55,495,6.111,0.299,1.0,1.92,148,495,77,1
11,413,4543,37.545,0.356,0.806,2.44,1619,3662,664,1
20,16,320,0.8,0.5,0.572,26.67,160,183,6,1
10,38,380,3.8,0.439,0.897,2.83,167,341,59,1
9,34,306,3.778,0.31,0.895,1.61,95,274,59,1
7,65,455,9.286,0.316,0.848,1.52,144,386,95,1
1,23,23,23.0,0.826,1.0,19.0,19,23,1,2
8,17,136,2.125,0.294,0.654,2.22,40,89,18,1
7,24,168,3.429,0.101,0.298,1.89,17,50,9,5
9,27,243,3.0,0.346,0.975,1.87,84,237,45,1
8,81,648,10.125,0.221,0.591,1.29,143,383,111,1
10,100,1000,10.0,0.444,0.924,2.64,444,924,168,1
7,9,63,1.286,0.349,0.905,2.2,22,57,10,1
7,9,63,1.286,0.349,0.746,1.83,22,47,12,1
5,333,1665,66.6,0.374,0.413,36.65,623,688,17,2
7,66,462,9.429,0.294,0.924,1.46,136,427,93,1
7,4,28,0.571,0.286,1.0,2.0,8,28,4,1
18,168,3024,9.333,0.187,0.73,2.34,564,2207,241,1
6,11,66,1.833,0.303,0.97,1.33,20,64,15,1
7,26,182,3.714,0.192,0.626,1.52,35,114,23,1
6,22,132,3.667,0.326,1.0,1.3,43,132,33,1
6,16,96,2.667,0.198,0.76,2.38,19,73,8,1
7,11,77,1.571,0.325,0.831,1.47,25,64,17,1
9,35,315,3.889,0.381,0.806,2.14,120,254,56,1
11,240,2640,21.818,0.27,0.634,2.05,714,1674,348,1
7,26,182,3.714,0.374,0.846,1.66,68,154,41,1
8,22,176,2.75,0.392,0.915,2.56,69,161,27,1
5,15,75,3.0,0.507,0.787,3.17,38,59,12,1
7,12,84,1.714,0.464,1.0,2.17,39,84,18,1
8,41,328,5.125,0.293,0.872,1.43,96,286,67,1
8,12,96,1.5,0.438,1.0,2.1,42,96,20,1
10,25,250,2.5,0.34,0.816,1.89,85,204,45,1
8,6,48,0.75,0.5,0.854,3.0,24,41,8,1
8,42,336,5.25,0.375,0.899,2.07,126,302,61,1
8,7,56,0.875,0.482,0.946,2.45,27,53,11,1
7,13,91,1.857,0.264,0.879,1.85,24,80,13,1
8,19,152,2.375,0.395,0.704,1.94,60,107,31,1
7,152,1064,21.714,0.214,0.73,1.27,228,777,179,1
8,22,176,2.75,0.392,0.778,2.3,69,137,30,1
11,97,1067,8.818,0.266,0.635,2.04,284,678,139,1
13,38,494,2.923,0.332,0.935,4.0,164,462,41,1
10,51,510,5.1,0.28,0.814,1.66,143,415,86,1
5,23,115,4.6,0.452,0.913,1.79,52,105,29,1
8,216,1728,27.0,0.156,0.511,1.33,270,883,203,1
9,2,18,0.222,0.611,0.722,11.0,11,13,1,4
4,12,48,3.0,0.25,0.792,3.0,12,38,4,1
10,18,180,1.8,0.539,0.811,8.82,97,146,11,1
8,9,72,1.125,0.361,0.903,1.63,26,65,16,1
8,61,488,7.625,0.207,0.803,1.31,101,392,77,1
13,45,585,3.462,0.429,0.566,6.61,251,331,38,1
1,47,47,47.0,0.532,1.0,25.0,25,47,1,2
10,19,190,1.9,0.553,0.805,7.5,105,153,14,1
4,44,176,11.0,0.267,0.614,1.81,47,108,26,1
6,93,558,15.5,0.276,0.962,1.52,154,537,101,1
12,285,3420,23.75,0.411,0.708,4.33,1404,2421,324,1
11,19,209,1.727,0.598,0.947,7.35,125,198,17,1
7,40,280,5.714,0.229,0.682,1.25,64,191,51,1
16,415,6640,25.938,0.389,0.675,5.17,2582,4480,499,1
8,45,360,5.625,0.469,0.956,2.91,169,344,58,1
9,21,189,2.333,0.291,0.762,1.57,55,144,35,1
6,96,576,16.0,0.319,0.703,2.3,184,405,80,1
7,59,413,8.429,0.462,1.0,2.33,191,413,82,1
8,67,536,8.375,0.381,0.746,2.49,204,400,82,1
6,59,354,9.833,0.237,0.881,1.38,84,312,61,1
11,8,88,0.727,0.443,0.466,39.0,39,41,1,1
10,34,340,3.4,0.388,0.891,2.1,132,303,63,1
6,100,600,16.667,0.342,0.822,1.71,205,493,120,1
16,92,1472,5.75,0.245,0.522,3.61,361,769,100,1
3,8,24,2.667,0.333,0.875,1.33,8,21,6,1
9,75,675,8.333,0.256,0.606,2.19,173,409,79,1
9,14,126,1.556,0.127,0.937,1.78,16,118,9,1
9,82,738,9.111,0.374,0.866,2.3,276,639,120,1
17,60,1020,3.529,0.139,0.371,7.1,142,378,20,5
11,85,935,7.727,0.268,0.902,1.73,251,843,145,1
15,136,2040,9.067,0.24,0.748,2.81,489,1526,174,1
1,75,75,75.0,0.92,1.0,11.5,69,75,6,2
8,44,352,5.5,0.486,0.952,2.95,171,335,58,1
8,46,368,5.75,0.285,0.791,1.42,105,291,74,1
11,30,330,2.727,0.379,0.739,3.05,125,244,41,1
8,53,424,6.625,0.337,0.889,1.64,143,377,87,1
7,4,28,0.571,0.286,0.357,8.0,8,10,1,1
38,410,15580,10.789,0.254,0.604,2.4,3957,9403,1651,1
7,14,98,2.0,0.296,0.898,1.61,29,88,18,1
8,11,88,1.375,0.443,1.0,1.63,39,88,24,1
7,13,91,1.857,0.341,0.846,1.82,31,77,17,1
6,13,78,2.167,0.308,1.0,1.41,24,78,17,1
12,500,6000,41.667,0.264,0.595,2.45,1584,3568,646,1
7,9,63,1.286,0.349,0.746,1.69,22,47,13,1
8,29,232,3.625,0.384,0.884,2.07,89,205,43,1
7,26,182,3.714,0.269,0.929,1.23,49,169,40,1
9,23,207,2.556,0.386,0.894,2.42,80,185,33,1
5,12,60,2.4,0.317,0.75,1.46,19,45,13,1
4,14,56,3.5,0.268,0.732,1.67,15,41,9,1
5,5,25,1.0,0.44,1.0,1.57,11,25,7,1
5,14,70,2.8,0.386,0.857,1.69,27,60,16,1
9,49,441,5.444,0.247,0.721,1.51,109,318,72,1
7,9,63,1.286,0.381,0.857,2.0,24,54,12,1
8,42,336,5.25,0.369,1.0,1.85,124,336,67,1
9,72,648,8.0,0.241,0.548,1.61,156,355,97,1
9,27,243,3.0,0.333,0.918,1.69,81,223,48,1
8,22,176,2.75,0.295,0.483,2.6,52,85,20,1
5,12,60,2.4,0.467,0.6,4.67,28,36,6,1
7,65,455,9.286,0.284,0.846,1.57,129,385,82,1
10,33,330,3.3,0.352,0.745,2.07,116,246,56,1
10,14,140,1.4,0.371,0.886,2.89,52,124,18,1
6,7,42,1.167,0.452,0.833,2.11,19,35,9,1
11,42,462,3.818,0.292,0.76,1.93,135,351,70,1
7,23,161,3.286,0.348,1.0,1.37,56,161,41,1
8,14,112,1.75,0.455,1.0,1.96,51,112,26,1
8,61,488,7.625,0.342,0.875,1.94,167,427,86,1
1,40,40,40.0,0.175,1.0,1.17,7,40,6,1
10,62,620,6.2,0.265,0.656,2.19,164,407,75,1
25,491,12275,19.64,0.454,0.937,7.21,5572,11502,773,1
8,39,312,4.875,0.423,0.955,1.83,132,298,72,1
7,228,1596,32.571,0.154,0.548,1.4,245,875,175,1
12,271,3252,22.583,0.232,0.548,1.93,753,1782,390,1
8,10,80,1.25,0.4,1.0,1.88,32,80,17,1
9,40,360,4.444,0.275,0.875,1.6,99,315,62,1
10,37,370,3.7,0.327,0.954,1.83,121,353,66,1
8,12,96,1.5,0.427,0.75,2.05,41,72,20,1
2,475,950,237.5,0.504,0.544,95.8,479,517,5,2
9,259,2331,28.778,0.189,0.697,1.31,441,1624,336,1
8,12,96,1.5,0.531,0.813,2.83,51,78,18,1
8,24,192,3.0,0.318,0.974,1.56,61,187,39,1
7,521,3647,74.429,0.091,0.386,1.28,333,1409,260,1
9,8,72,0.889,0.722,0.792,13.0,52,57,4,1
7,12,84,1.714,0.393,0.69,2.36,33,58,14,1
25,178,4450,7.12,0.49,0.896,7.9,2181,3988,276,1
9,369,3321,41.0,0.329,0.639,2.67,1094,2122,409,1
16,391,6256,24.438,0.401,0.674,5.26,2508,4219,477,1
6,32,192,5.333,0.286,0.76,1.41,55,146,39,1
14,407,5698,29.071,0.353,0.574,4.54,2010,3273,443,1
12,252,3024,21.0,0.416,0.682,4.75,1259,2062,265,1
10,19,190,1.9,0.6,0.768,9.5,114,146,12,1
6,82,492,13.667,0.104,0.303,1.31,51,149,39,1
6,40,240,6.667,0.221,0.621,1.43,53,149,37,1
10,44,440,4.4,0.393,0.852,3.15,173,375,55,1
1,71,71,71.0,0.521,1.0,2.31,37,71,16,2
8,41,328,5.125,0.335,0.933,2.08,110,306,53,1
9,43,387,4.778,0.509,0.959,3.58,197,371,55,1
12,62,744,5.167,0.234,0.66,1.58,174,491,110,1
7,58,406,8.286,0.212,0.842,2.26,86,342,38,1
24,135,3240,5.625,0.911,0.966,18.69,2953,3131,158,1
1,45,45,45.0,0.933,1.0,21.0,42,45,2,2
8,109,872,13.625,0.447,0.959,2.47,390,836,158,1
8,83,664,10.375,0.398,0.94,2.15,264,624,123,1
13,217,2821,16.692,0.361,0.686,3.05,1019,1934,334,1
64,73,4672,1.141,0.403,0.445,72.38,1882,2077,26,3
8,342,2736,42.75,0.163,0.622,1.4,445,1702,317,1
11,11,121,1.0,0.455,0.818,5.5,55,99,10,1
1,8,8,8.0,0.875,1.0,7.0,7,8,1,2
8,42,336,5.25,0.259,0.756,1.74,87,254,50,1
12,146,1752,12.167,0.091,0.128,26.67,160,225,6,5
10,8,80,0.8,0.575,0.888,9.2,46,71,5,1
10,31,310,3.1,0.3,0.813,3.32,93,252,28,1
9,38,342,4.222,0.211,0.561,2.25,72,192,32,1
9,32,288,3.556,0.382,0.792,2.16,110,228,51,1
10,98,980,9.8,0.3,0.781,1.72,294,765,171,1
4,12,48,3.0,0.292,1.0,1.4,14,48,10,1
8,272,2176,34.0,0.186,0.539,1.35,404,1172,299,1
7,41,287,5.857,0.345,0.777,1.55,99,223,64,1
10,35,350,3.5,0.42,0.826,2.23,147,289,66,1
7,21,147,3.0,0.293,0.81,1.34,43,119,32,1
7,8,56,1.143,0.268,0.768,1.07,15,43,14,1
7,11,77,1.571,0.364,0.922,2.0,28,71,14,1
10,35,350,3.5,0.337,0.714,1.87,118,250,63,1
7,14,98,2.0,0.357,0.867,1.75,35,85,20,1
9,11,99,1.222,0.222,0.737,1.29,22,73,17,1
7,11,77,1.571,0.377,1.0,1.53,29,77,19,1
11,271,2981,24.636,0.177,0.588,1.49,527,1752,353,1
9,44,396,4.889,0.258,0.604,1.38,102,239,74,1
7,11,77,1.571,0.117,0.494,1.8,9,38,5,5
8,56,448,7.0,0.424,0.942,2.09,190,422,91,1
7,11,77,1.571,0.416,0.961,1.6,32,74,20,1
10,33,330,3.3,0.318,0.758,2.33,105,250,45,1
7,87,609,12.429,0.232,0.589,1.27,141,359,111,1
9,16,144,1.778,0.326,0.792,1.74,47,114,27,1
6,33,198,5.5,0.303,0.874,1.46,60,173,41,1
11,76,836,6.909,0.254,0.688,2.08,212,575,102,1
7,23,161,3.286,0.298,0.876,1.45,48,141,33,1
7,2,14,0.286,0.857,0.857,12.0,12,12,1,1
6,27,162,4.5,0.241,0.988,1.11,39,160,35,1
5,20,100,4.0,0.47,0.73,2.35,47,73,20,1
11,19,209,1.727,0.306,0.789,2.46,64,165,26,1
10,23,230,2.3,0.361,0.774,2.44,83,178,34,1
12,69,828,5.75,0.407,0.833,3.15,337,690,107,1
8,23,184,2.875,0.462,1.0,1.89,85,184,45,1
11,52,572,4.727,0.28,0.605,2.05,160,346,78,1
34,25,850,0.735,0.256,0.534,2.06,218,454,106,5
9,169,1521,18.778,0.353,0.742,2.53,537,1129,212,1
7,41,287,5.857,0.254,0.697,1.43,73,200,51,1
10,11,110,1.1,0.409,0.955,2.5,45,105,18,1
6,13,78,2.167,0.346,0.846,2.7,27,66,10,1
8,16,128,2.0,0.422,0.852,1.8,54,109,30,1
24,280,6720,11.667,0.456,0.913,7.66,3064,6134,400,1
10,474,4740,47.4,0.187,0.578,1.51,886,2740,585,1
8,198,1584,24.75,0.215,0.832,1.31,341,1318,260,1
8,190,1520,23.75,0.118,0.62,1.21,179,943,148,1
8,13,104,1.625,0.625,0.817,5.91,65,85,11,1
9,535,4815,59.444,0.191,0.788,1.36,921,3793,676,1
42,1,42,0.024,1.0,1.0,42.0,42,42,1,4
8,193,1544,24.125,0.4,0.829,2.51,617,1280,246,1
74,183,13542,2.473,0.544,0.612,127.0,7366,8289,58,1
1,143,143,143.0,0.133,1.0,1.06,19,143,18,1
12,91,1092,7.583,0.281,0.59,2.46,307,644,125,1
9,16,144,1.778,0.556,0.958,6.67,80,138,12,1
8,109,872,13.625,0.219,0.595,1.61,191,519,119,1
6,8,48,1.333,0.417,1.0,2.86,20,48,7,1
1,104,104,104.0,0.971,1.0,50.5,101,104,2,2
2,112,224,56.0,0.496,0.504,55.5,111,113,2,2
7,38,266,5.429,0.41,0.91,1.82,109,242,60,1
7,9,63,1.286,0.333,0.492,21.0,21,31,1,1
16,427,6832,26.688,0.4,0.632,5.56,2736,4316,492,1
7,213,1491,30.429,0.235,0.746,1.5,351,1112,234,1
9,6,54,0.667,0.667,0.759,18.0,36,41,2,1
10,19,190,1.9,0.332,0.695,3.71,63,132,17,1
12,22,264,1.833,0.568,0.837,7.5,150,221,20,1
8,129,1032,16.125,0.232,0.823,1.46,239,849,164,1
2,50,100,25.0,0.46,0.51,15.33,46,51,3,2
8,1,8,0.125,1.0,1.0,8.0,8,8,1,1
2,101,202,50.5,0.54,0.743,10.9,109,150,10,2
10,98,980,9.8,0.448,0.881,2.74,439,863,160,1
63,66,4158,1.048,0.491,0.591,44.37,2041,2458,46,3
11,77,847,7.0,0.345,0.874,2.43,292,740,120,1
9,121,1089,13.444,0.399,0.843,2.4,434,918,181,1
9,11,99,1.222,0.343,1.0,1.42,34,99,24,1
11,337,3707,30.636,0.179,0.648,2.09,664,2402,318,1
1,17,17,17.0,1.0,1.0,17.0,17,17,1,2
8,40,320,5.0,0.391,0.991,2.08,125,317,60,1
12,89,1068,7.417,0.429,0.879,3.5,458,939,131,1
12,8,96,0.667,0.479,0.5,46.0,46,48,1,1
8,132,1056,16.5,0.311,0.873,2.01,328,922,163,1
1,10,10,10.0,0.8,1.0,4.0,8,10,2,1
10,100,1000,10.0,0.41,0.846,2.81,410,846,146,1
6,69,414,11.5,0.28,0.744,1.4,116,308,83,1
10,49,490,4.9,0.196,0.751,1.26,96,368,76,1
9,220,1980,24.444,0.23,0.758,1.44,456,1501,316,1
9,54,486,6.0,0.191,0.741,1.24,93,360,75,1
10,119,1190,11.9,0.392,0.891,2.46,467,1060,190,1
7,46,322,6.571,0.304,0.745,1.53,98,240,64,1
7,11,77,1.571,0.312,0.844,1.33,24,65,18,1
7,8,56,1.143,0.339,0.875,2.38,19,49,8,1
9,45,405,5.0,0.279,0.785,2.17,113,318,52,1
5,6,30,1.2,0.433,0.967,1.63,13,29,8,1
6,99,594,16.5,0.301,0.803,1.46,179,477,123,1
5,13,65,2.6,0.246,0.831,1.33,16,54,12,1
5,32,160,6.4,0.413,0.994,1.35,66,159,49,1
8,7,56,0.875,0.393,0.946,2.0,22,53,11,1
7,8,56,1.143,0.464,0.768,2.17,26,43,12,1
9,175,1575,19.444,0.19,0.568,1.35,299,894,221,1
8,10,80,1.25,0.438,0.988,1.94,35,79,18,1
9,158,1422,17.556,0.217,0.535,1.45,308,761,212,1
7,8,56,1.143,0.375,0.964,1.62,21,54,13,1
9,43,387,4.778,0.274,0.605,1.68,106,234,63,1
8,13,104,1.625,0.404,0.99,2.1,42,103,20,1
10,27,270,2.7,0.344,0.804,2.38,93,217,39,1
8,12,96,1.5,0.385,0.688,1.95,37,66,19,1
7,20,140,2.857,0.379,1.0,1.61,53,140,33,1
5,3,15,0.6,0.6,0.933,3.0,9,14,3,1
3,3,9,1.0,0.778,0.778,7.0,7,7,1,1
8,16,128,2.0,0.398,0.695,2.55,51,89,20,2
1,17,17,17.0,1.0,1.0,17.0,17,17,1,2
7,36,252,5.143,0.262,0.671,1.27,66,169,52,1
8,6,48,0.75,0.396,0.813,1.58,19,39,12,1
6,30,180,5.0,0.45,0.833,3.12,81,150,26,1
5,11,55,2.2,0.4,0.927,1.57,22,51,14,1
8,7,56,0.875,0.357,0.964,1.82,20,54,11,1
10,61,610,6.1,0.29,0.657,2.16,177,401,82,1
11,87,957,7.909,0.253,0.662,1.89,242,634,128,1
8,33,264,4.125,0.375,0.981,1.6,99,259,62,1
8,38,304,4.75,0.401,0.747,2.65,122,227,46,1
8,96,768,12.0,0.276,0.883,1.77,212,678,120,1
6,4,24,0.667,0.583,0.792,3.5,14,19,4,1
7,11,77,1.571,0.234,0.935,1.64,18,72,11,1
1,60,60,60.0,0.2,1.0,1.09,12,60,11,1
11,33,363,3.0,0.278,0.73,2.1,101,265,48,1
9,33,297,3.667,0.36,0.818,2.02,107,243,53,1
6,13,78,2.167,0.436,0.756,2.27,34,59,15,1
8,73,584,9.125,0.433,0.875,2.75,253,511,92,1
10,510,5100,51.0,0.162,0.537,1.47,827,2741,564,1
11,228,2508,20.727,0.282,0.621,2.96,708,1558,239,1
8,18,144,2.25,0.389,0.931,2.24,56,134,25,1
13,228,2964,17.538,0.24,0.933,3.02,710,2765,235,1
9,102,918,11.333,0.214,0.708,1.3,196,650,151,1
10,252,2520,25.2,0.377,0.775,2.88,950,1953,330,1
8,24,192,3.0,0.323,0.688,2.21,62,132,28,1
8,215,1720,26.875,0.416,0.808,2.94,715,1389,243,1
14,416,5824,29.714,0.384,0.617,4.64,2234,3594,481,1
10,14,140,1.4,0.314,0.9,1.91,44,126,23,1
7,14,98,2.0,0.347,0.949,1.79,34,93,19,1
10,185,1850,18.5,0.36,0.688,2.81,666,1272,237,1
7,162,1134,23.143,0.096,0.235,1.49,109,266,73,1
13,9,117,0.692,0.402,0.684,3.36,47,80,14,1
83,314,26062,3.783,0.282,0.619,8.77,7353,16139,838,5
6,96,576,16.0,0.262,0.842,1.51,151,485,100,1
8,24,72,1.125,0.375,0.062,2.08,27,71,1,1
7,5,35,0.714,0.257,0.571,2.25,9,20,22,1
3,6,9,1.0,0.778,0.778,7.0,7,195,1,1
1,1,260,2.6,0.35,0.819,2.33,91,676,39,1
8,41,328,5.125,1.0,0.945,1.61,124,310,123,1
9,107,963,11.889,0.209,0.778,1.38,201,749,27,1
7,38,23,5.429,1.0,0.846,2.44,110,225,45,1
7,42,294,24.0,1.0,0.976,2.05,119,287,58,1
8,49,392,25.0,0.406,1.0,1.81,159,291,88,1
7,33,231,4.714,0.299,0.848,23.0,69,196,48,1
17,22,374,1.294,0.409,0.757,4.5,153,283,55,1
16,24,384,1.5,0.411,0.872,4.51,158,45,35,1
1,57,172,5.182,0.295,0.719,2.47,185,451,75,1
6,135,810,22.5,0.21,1.0,1.37,170,596,124,1
7,34,238,22.0,0.273,1.0,1.48,65,181,748,1
11,183,31,16.636,0.465,0.841,4.53,937,1693,207,1
1,10,29,1.25,0.313,0.675,1.92,25,54,13,1
9,132,1188,14.667,0.189,1.0,1.54,225,288,276,1
8,69,552,8.625,0.159,0.772,28.0,88,426,68,1
9,165,1485,27.0,1.0,0.713,2.54,501,1059,197,1
9,46,24,138.0,1.0,1.0,1.66,123,345,74,1
11,30,330,2.727,0.467,1.0,4.16,154,272,37,1
1,121,1210,12.1,0.415,1.0,1300.0,502,1063,38,1
8,26,208,25.0,0.37,0.822,1.75,78,650,44,1
3,90,270,30.0,0.511,0.907,2.34,138,7,59,1
5,13,18,2.6,0.415,0.938,1.69,27,61,16,1
2,536,1072,268.0,0.537,0.622,24.0,576,7,24,2
9,245,2205,27.222,1.0,1.0,1.39,353,1338,254,1
9,536,4824,59.556,0.126,0.493,1.34,609,7,456,1
10,89,890,8.9,1.0,0.496,3.25,224,441,69,1
153,158,244,1.033,0.587,0.641,46.95,14180,15491,302,3
25,203,5075,8.12,0.837,0.929,19.0,4246,4713,279,1
7,63,441,9.0,1.0,0.991,1.71,140,437,82,1
1,8,48,24.0,0.604,0.896,3.22,29,43,9,1
10,59,590,5.9,0.403,0.792,2.98,23,467,80,1
1,55,55,55.0,0.564,1.0,10.33,31,55,1,2
1,11,11,0.007,1.0,1.0,11.0,11,11,1,2
1,35,280,4.375,1.0,1.0,2.39,117,260,49,1
9,82,738,9.111,1.0,0.879,2.35,280,247,119,1
7,11,77,1.571,0.247,0.61,1.36,19,22,14,1
1,22,22,22.0,0.5,1.0,1.83,1,22,6,2
9,32,288,3.556,0.24,0.913,24.0,69,263,46,1
11,344,23,31.273,0.446,0.712,4.71,1686,2694,358,1
5,13,65,2.6,0.554,1.0,3.0,39,52,12,1
7,7,49,20.0,0.918,0.959,22.5,45,21,2,1
8,45,360,23.0,0.367,0.897,2.44,132,323,54,1
16,439,7024,27.438,1.0,0.724,5.09,2696,5084,464,1
1,10,80,1.25,0.325,0.913,1.53,26,73,17,1
7,8,56,1.143,0.321,0.786,1.38,18,20,13,1
1,1,55,0.455,0.655,0.727,12.0,36,40,3,1
7,13,18,1.857,0.275,1.0,1.32,25,234,7,1
11,198,2178,18.0,0.383,0.062,2.9,834,1683,288,1
3,27,81,9.0,0.481,0.926,1.77,39,7,22,1
1,51,51,51.0,0.471,1.0,1.0,24,51,10,2
1,17,102,51.0,0.451,0.745,2.56,46,76,18,1
10,29,2790,27.9,0.377,0.687,2.7,1052,1916,389,1
14,125,1750,33.0,0.289,1.0,2.21,505,1285,228,1
7,7,49,20.0,0.347,0.633,2.83,21,31,6,1
10,18,180,1.8,0.6,0.844,28.0,108,152,15,1
19,201,3819,47.0,0.238,1.0,2.07,909,2164,439,1
5,27,135,5.4,1.0,0.496,3.08,40,67,13,1
1,84,672,10.5,1.0,1.0,101.85599994659424,181,649,101,1
8,7,56,0.875,1.0,1.0,1.92,23,56,12,1
1,14,112,1.75,0.42,1.0,1.88,47,88,25,1
12,335,4020,27.917,0.4,0.677,4.61,1,2722,348,1
7,22,133,2.714,0.398,0.977,1.77,53,130,46,1
8,14,112,1.75,0.482,1.0,3.38,54,85,16,1
8,20,160,2.5,0.394,0.944,25.0,63,151,28,1
19,45,855,2.368,0.243,0.582,3.01,208,30,69,1
2,18,36,9.0,0.806,0.833,29.0,29,30,1,2
10,19,190,1.9,0.542,0.768,7.36,103,30,14,1
7,31,217,4.429,0.267,0.714,20.0,58,155,93,1
7,21,63,1.286,0.052,0.984,91.0,20,62,9,1
1,1,14,80.0,1.0,1.0,14.0,14,14,1,2
9,36,324,4.0,1.0,1.0,2.82,172,304,61,1
9,5,45,0.556,1.0,0.622,1.83,11,28,6,1
13,133,1729,10.231,0.36,0.721,4.9,622,17,127,1
6,18,108,18.0,0.343,0.926,1.76,37,100,21,1
12,7,84,0.583,0.56,1.0,33.0,47,84,9,1
8,14,21,1.75,1.0,0.67,294.0,40,75,20,1
9,137,1233,15.222,0.235,1.0,1.7,290,854,171,1
8,36,288,4.5,0.559,0.944,3.04,25,272,53,1
4,20,13,59.0,0.388,0.925,1.41,31,74,22,1
6,89,534,20.0,0.303,0.79,1.82,162,422,89,1
8,43,344,5.375,0.349,0.814,2.26,120,280,25,1
9,54,486,6.0,1.0,0.817,1.98,190,397,161,1
2,5,196,49.0,0.48,0.653,9.4,94,185,10,2
1,1,496,537.0,1.0,0.968,1.79,177,480,99,1
9,191,23,537.0,1.0,0.747,2.14,564,1284,264,1
7,98,686,14.0,0.254,0.608,1.53,174,21,114,1
1,26,156,4.333,0.288,0.679,1.41,45,106,32,1
8,61,488,7.625,1.0,1.0,2.03,154,472,76,1
9,30,270,3.333,0.248,0.937,23.0,67,253,46,1
9,180,29,537.0,0.343,0.738,2.47,555,1196,225,1
7,59,413,20.0,0.228,0.659,1.24,94,272,76,1
9,46,26,5.111,1.0,0.838,2.18,120,347,55,1
10,47,470,4.7,0.338,0.698,27.0,159,328,139,1
7,13,91,1.857,0.286,0.923,2.6,26,84,21,1
9,40,360,4.444,0.483,1.0,2.85,174,357,61,1
9,41,369,4.556,0.444,0.976,2.88,29,360,57,1
9,26,162,6.889,0.348,0.869,2.23,194,485,1384,1
15,18,90,0.889,0.222,0.736,1.78,16,53,9,1
7,128,896,18.286,0.203,0.663,27.0,381,594,137,1
1,14,14,14.0,0.929,1.0,13.0,13,7,1,2
8,10,80,1.25,1.0,0.925,2.13,34,74,16,1
10,155,1550,15.5,0.35,0.678,2.78,542,11,195,1
9,108,26,12.0,0.329,0.691,2.27,320,672,141,1
5,17,85,3.4,0.576,0.953,2.33,19,81,21,1
7,43,301,6.143,0.545,0.973,25.0,164,293,64,1
9,453,7,50.333,0.08,0.363,1.21,23,1478,269,1
6,15,216,6.0,0.495,0.995,1.91,42,215,56,1
8,21,168,2.625,0.339,0.673,1.97,57,113,26,1
7,11,20,1.571,0.299,0.987,1.35,23,76,17,1
8,55,440,6.875,0.225,0.645,1.77,28,284,56,1
5,13,18,2.6,0.477,0.938,1.48,31,61,21,1
9,42,378,4.667,0.429,1.0,127.0,162,369,1,1
8,107,856,27.0,0.363,0.734,321.0,311,628,2889,1
8,35,25,4.375,0.382,1.0,2.02,105,280,53,1
7,24,490,10.0,0.535,0.971,3.23,262,476,164,1
8,24,64,1.0,0.25,0.672,1.6,16,43,10,1
8,25,224,3.5,0.46,0.79,2.58,103,177,40,1
9,99,891,11.0,0.288,0.801,1.95,30,714,132,1
91,285,25935,248.0,0.158,1.0,4955.0,4100,4287,36,5
2,19,38,9.5,0.237,0.062,1.8,9,38,5,1
9,65,585,27.0,0.463,0.901,2.66,271,527,102,1
1,510,4590,56.667,0.161,0.595,1583.0,740,2732,566,1
8,69,552,8.625,0.216,1.0,1.43,119,355,83,1
8,21,23,2.625,0.411,0.786,2.23,69,132,63,1
7,31,24,4.429,0.415,0.783,2.31,90,170,39,1
1,19,19,19.0,0.737,1.0,1.0,14,19,3,2
14,284,3976,20.286,1.0,0.698,2.24,938,2777,419,1
5,6,30,1.2,0.333,0.333,16.0,10,10,1,1
9,510,4590,56.667,0.171,0.062,1.27,23,3190,618,1
1,8,8,8.0,1.0,1.0,8.0,8,8,1,2
6,18,42,0.007,0.286,0.857,1.5,12,36,8,1
7,21,147,3.0,0.34,0.85,23.0,50,125,37,1
8,69,552,8.625,0.098,0.344,1.38,54,28,39,1
1,203,2842,14.5,1.0,0.67,4.36,1028,1904,236,1
10,272,2720,27.2,0.232,0.65,1.98,1,1767,319,1
9,21,189,2.333,1.0,0.772,3.0,81,146,63,1
9,37,333,26.0,0.598,0.946,3.49,199,315,57,1
1,130,1300,13.0,0.425,0.773,2.79,552,1005,198,1
11,184,2024,16.727,0.46,0.796,1.0,931,1611,211,1
8,25,91,4.875,0.224,0.824,1.21,70,257,58,1
10,20,29,2.0,0.385,0.87,2.14,60,174,36,1
1,1,96,1.5,1.0,0.75,2.38,4,72,16,1
9,75,675,8.333,1.0,1.0,2.09,249,2034,119,1
13,1,39,0.077,1.0,1.0,13.0,13,13,1,4
1,23,230,2.3,0.37,0.83,2.3,85,69,37,1
7,8,22,1.143,1.0,0.732,1.78,16,176,2,1
9,53,477,26.0,1.0,0.602,2.42,160,287,66,1
7,22,98,2.0,0.184,0.612,18.0,18,60,1,1
6,15,192,5.333,0.365,1.0,210.0,70,8,42,1
7,2,14,0.286,0.643,0.929,2.25,9,20,4,1
7,240,26,34.286,0.215,0.538,1.64,362,904,725,1
5,39,195,7.8,1.0,0.882,1.74,66,172,38,1
7,14,98,2.0,0.316,0.827,1.94,31,81,21,1
5,11,55,2.2,0.364,1.0,1.33,19,55,15,1
2,5,40,17.0,0.675,0.675,27.0,27,27,1,2
10,152,1520,15.2,1.0,0.778,2.17,452,1182,208,1
7,22,147,3.0,0.286,0.857,1.35,42,126,31,1
8,14,112,1.75,0.295,0.857,1.83,24,96,18,1
10,45,450,4.5,0.296,0.558,2.25,133,251,26,1
15,14,210,0.933,0.11,0.338,1.92,23,71,41,5
1,1,2568,4.458,0.908,0.982,16.91,2333,2523,138,1
8,25,320,5.0,0.213,1.0,1728.0,68,211,55,1
9,306,2754,29.0,0.192,0.751,1.4,530,2069,378,1
9,151,1359,25.0,0.184,0.5,1.4,250,679,178,1
10,8,80,0.8,0.5,1.0,5.0,31,80,8,1
1,58,580,5.8,0.3,0.84,2.17,170,581,80,1
6,8,48,1.333,0.5,1.0,19.0,24,48,11,1
11,32,70,2.909,0.301,0.895,1.89,106,315,56,1
21,68,1428,68.0,0.052,1.0,5.69,74,156,13,5
1,12,96,1.5,0.458,0.938,34.0,44,90,17,1
7,12,84,1.714,0.476,0.762,24.0,36,7,14,1
10,34,340,3.4,0.303,1.0,102.0,1,277,56,1
10,82,820,8.2,0.3,0.832,23.0,246,682,120,1
7,45,22,135.0,0.483,0.984,2.45,152,310,62,1
9,509,4581,56.556,0.096,0.379,1.34,439,7,328,1
9,39,351,4.333,0.444,0.923,22.0,156,324,57,1
1,1,42,0.857,0.5,1.0,2.33,21,42,9,1
5,24,120,15.0,0.342,0.808,1.32,41,97,31,1
14,18,252,1.286,0.159,0.607,3.33,34,153,12,1
1,95,760,11.875,0.187,0.645,1.34,293,490,106,1
9,36,324,4.0,0.552,0.926,3.51,179,300,27,1
1,11,77,1.571,1.0,0.922,1.75,28,71,16,1
10,155,1550,15.5,1.0,0.642,2.8,506,995,181,1
5,16,132,4.4,0.536,0.909,2.19,59,100,27,1
9,536,4824,59.556,1.0,0.813,1.38,913,1600,662,1
1,84,249,84.0,0.917,1.0,19.25,77,84,4,2
12,25,300,33.0,0.32,0.643,2.59,96,193,37,1
8,8,64,21.0,0.234,0.672,1.5,15,43,10,1
7,22,175,3.571,0.331,0.891,1.41,58,156,41,1
9,8,26,0.889,0.264,1.0,1.27,19,72,15,1
12,22,264,1.833,0.621,0.788,32.0,164,208,17,1
7,22,126,2.571,0.302,0.984,46.0,38,124,28,1
8,25,240,3.75,0.242,0.667,1.35,58,160,43,1
9,92,828,10.222,1.0,0.885,1.93,237,733,123,1
6,7,42,1.167,0.357,0.762,2.14,15,32,20,1
1,27,7,27.0,0.407,1.0,1.83,11,27,6,2
8,54,25,6.75,0.183,0.734,1.34,79,317,59,1
9,26,828,10.222,0.292,0.843,2.05,242,698,162,1
7,22,105,2.143,0.343,1.0,1.64,36,105,22,1
10,101,31,10.1,0.466,1.0,3.02,471,902,156,1
11,22,242,2.0,0.277,0.731,1.86,67,31,36,1
1,9,9,9.0,1.0,1.0,7.0,7,9,1,2
9,230,2070,25.556,0.399,0.87,2.63,826,7,314,1
9,107,26,323.0,0.191,0.739,1.36,184,712,135,1
5,39,195,7.8,0.41,1.0,1.67,80,169,48,1
11,184,2024,16.727,1.0,0.884,4.6,979,1789,213,1
9,256,2304,28.444,0.099,0.446,1.36,227,7,167,1
8,24,24,3.0,0.297,0.865,1.84,57,166,31,1
9,121,1089,13.444,0.322,0.776,2.08,34,845,169,1
7,17,24,2.429,0.16,1.0,1.73,19,88,11,1
7,41,287,5.857,0.213,0.801,1.36,61,230,24,1
23,120,56,352.0,0.942,1.0,17.44,2599,2760,149,1
8,106,848,27.0,0.358,0.698,2.29,304,592,321,1
65,50,3250,0.769,0.454,0.487,245.83,108,1582,6,3
10,176,1760,30.0,0.257,0.583,525.0,452,1026,3212,1
6,6,36,1.0,0.306,0.556,3.67,11,18,19,1
9,26,756,9.333,0.288,0.791,1.83,218,598,119,1
9,44,396,4.889,0.449,0.879,2.97,178,25,60,1
11,179,1969,16.273,1.0,0.733,2.88,650,1444,536,1
5,4,20,0.8,0.7,0.8,7.0,14,16,2,1
15,222,3330,14.8,0.414,0.728,5.34,1378,16,258,1
8,24,96,0.007,0.396,0.99,1.9,38,95,20,1
9,172,24,19.111,0.353,0.799,517.0,4138,1237,225,1
7,24,427,8.714,0.241,0.794,1.47,103,339,70,1
10,262,2620,26.2,1.0,0.601,1.32,499,1575,784,1
11,32,6072,50.182,0.816,0.816,4955.0,4955,4955,1,2
8,37,296,4.625,0.392,1.0,1.93,116,223,60,1
6,29,174,4.833,0.42,0.937,1.92,21,163,38,1
3,183,549,61.0,0.488,0.062,23.0,1151,317,9,2
10,60,600,6.0,1.0,0.595,1.44,122,357,85,1
9,13,117,24.0,0.564,0.863,3.88,66,101,17,1
1,6,42,19.0,0.5,0.548,21.0,21,23,126,1
7,24,441,9.0,0.338,0.941,1.94,149,415,77,1
10,13,130,1.3,0.385,1.0,2.0,50,107,25,1
8,29,232,24.0,1.0,0.996,688.0,105,231,50,1
11,61,671,5.545,0.361,0.614,27.0,242,412,48,1
6,96,21,16.0,0.238,0.778,1.38,137,448,99,1
8,42,336,5.25,0.414,0.955,1.88,139,321,29,1
1,159,2067,12.231,0.412,0.627,4.81,852,1296,177,1
7,16,24,2.286,0.241,0.634,1.93,48,71,14,1
24,75,4272,7.417,0.483,0.933,8.0,2063,3987,258,1
5,31,155,6.2,1.0,0.948,1.91,65,147,34,1
6,81,486,13.5,0.282,0.852,23.0,137,244,1,1
11,27,297,32.0,0.303,0.596,2.43,90,177,81,1
9,26,720,8.889,0.304,1.0,1.8,219,603,122,1
8,24,176,2.75,0.403,1.0,2.03,1,176,1,1
1,10,90,1.111,0.344,0.533,3.88,31,48,31,1
1,9,27,3.0,0.296,1.0,1.33,8,27,6,1
9,20,180,2.222,0.361,0.872,1.86,27,59,35,1
1,25,175,78.0,0.434,1.0,1.81,76,175,42,1
67,30,2010,0.448,0.169,1.0,2.26,339,924,150,5
11,32,781,6.455,0.37,1.0,2.41,289,567,120,1
3,3,9,1.0,0.778,1.0,7.0,27,7,1,1
1,187,552,537.0,0.963,1.0,25.71,180,49,7,2
11,31,341,2.818,0.323,1.0,2.08,110,98,53,1
17,48,357,1.235,0.373,0.613,16.63,133,219,8,1
7,19,133,2.714,0.263,0.662,1.35,35,88,24,1
1,53,265,10.6,0.223,0.611,1.28,59,162,46,1
2,279,558,0.007,0.075,0.545,1.05,42,304,40,1
1,177,1770,17.7,0.26,0.693,1.77,461,1226,261,1
9,49,441,5.444,0.594,1.0,3.05,262,440,86,1
1,26,26,26.0,1.0,0.062,26.0,26,23,1,2
7,135,24,19.286,0.202,0.732,1.43,191,692,134,1
10,49,490,4.9,0.165,1.0,1.35,81,318,60,1
9,331,27,36.778,0.126,0.527,1.21,374,1570,308,1
8,62,496,7.75,0.308,0.948,1.91,153,470,19,1
7,7,20,1.0,0.286,0.571,3.5,14,28,4,1
9,86,774,9.556,1.0,0.757,2.19,261,254,119,1
19,47,893,2.474,1.0,0.112,3.89,137,100,18,5
24,178,4272,7.417,0.491,1.0,7.86,541,4141,267,1
9,33,24,3.667,1.0,0.63,2.47,106,187,43,1
9,23,207,28.0,1.0,0.986,1.63,67,204,41,1
3,4,10,1.333,0.75,0.75,9.0,9,9,1,1
10,73,730,32.0,0.273,0.79,1.84,199,577,108,1
10,9,90,0.9,1.0,0.878,2.5,30,79,12,1
8,29,232,3.625,0.207,0.651,1.6,48,151,23,1
8,24,40,0.625,0.052,0.95,1.67,15,38,9,1
11,32,594,4.909,0.258,0.736,1.99,153,437,77,1
1,57,513,6.333,1.0,1.0,1.39,146,467,105,1
1,12,12,12.0,0.667,1.0,4.0,8,12,1,2
9,27,162,2.0,0.623,0.864,7.77,101,140,13,1
8,71,568,23.0,0.329,0.776,1.83,187,441,102,1
10,16,160,1.6,0.544,0.875,7.25,87,29,12,1
9,27,198,2.444,0.052,0.763,1.62,42,151,26,1
1,4,28,0.571,0.393,0.679,3.67,11,19,3,1
1,414,4968,34.5,0.313,0.734,2.3,1554,3646,1394,1
8,190,1520,23.75,0.326,0.062,2.22,495,957,23,1
7,66,462,9.429,1.0,0.903,1.49,79,417,53,1
79,241,12561,2.013,0.319,0.368,51.4,4009,4623,78,1
1,45,7,45.0,0.356,1.0,1.07,16,45,15,1
9,1,9,0.111,1.0,1.0,26.0,9,9,1,4
11,303,29,27.545,1.0,0.2,7.49,502,666,67,1
1,52,416,6.5,0.38,0.88,1.88,158,366,156,1
6,7,42,1.167,0.262,0.786,1.38,11,33,20,1
8,12,96,1.5,0.208,0.771,1.11,24,74,18,1
7,54,378,24.0,0.304,0.876,1.26,115,331,91,1
1,32,352,2.909,0.335,0.994,2.27,118,350,98,1
8,145,1160,18.125,0.156,0.773,1.24,1,897,146,1
8,17,136,2.125,0.228,0.882,23.0,31,52,25,1
9,26,396,4.889,0.465,0.944,3.35,184,374,55,1
1,1,180,525.0,0.233,0.5,1.62,42,90,26,1
7,10,70,1.429,0.386,0.914,2.08,27,22,13,1
13,1,13,0.077,1.0,1.0,13.0,13,13,39,4
10,30,100,1.0,0.5,0.53,50.0,50,7,1,1
9,26,234,2.889,0.175,0.517,26.0,41,121,30,1
8,23,184,2.875,0.288,1.0,1.47,53,184,23,1
8,48,384,24.0,1.0,0.885,1160.0,126,340,63,1
5,39,195,7.8,0.492,0.872,2.46,96,170,22,1
5,30,150,6.0,0.36,0.947,1.26,54,142,20,1
9,249,2241,27.667,1.0,0.77,2.54,776,1725,306,1
9,37,333,4.111,0.396,1.0,109.0,1,283,65,1
7,22,98,2.0,0.357,0.969,1.52,46,95,368,1
5,16,470,18.8,0.277,0.945,221.0,130,1262,80,1
8,25,1848,28.875,0.21,0.543,1.65,389,194,236,1
9,20,180,2.222,1.0,0.578,1.51,53,104,35,1
8,24,96,0.007,0.479,0.938,2.3,46,90,20,1
8,15,120,1.875,0.458,0.95,2.2,55,114,24,1
12,37,444,3.083,1.0,0.748,3.87,182,332,47,1
8,25,184,2.875,0.239,0.554,1.76,44,102,25,1
11,34,374,3.091,1.0,0.872,2.47,121,326,49,1
7,21,196,4.0,0.052,0.75,1.36,53,147,39,1
1,83,830,8.3,0.425,0.86,2.92,353,714,121,1
10,30,300,3.0,0.333,0.93,1.79,23,279,56,1
8,13,104,1.625,1.0,0.971,39.0,47,101,24,1
8,20,160,2.5,0.525,0.938,3.5,84,150,25,1
9,44,396,4.889,0.24,0.775,25.0,95,307,67,1
9,63,567,7.0,0.284,1.0,1.96,161,515,82,1
8,40,320,5.0,0.456,0.997,2.7,146,319,24,1
7,91,637,13.0,0.179,0.816,14.0,114,520,92,1
5,11,55,16.0,1.0,0.818,2.75,33,176,12,1
7,9,63,1.286,0.429,0.667,20.0,27,42,9,1
6,142,852,22.0,0.115,0.173,6.53,98,147,15,2
10,30,2610,26.1,1.0,0.767,1.74,676,2001,3212,1
8,174,25,21.75,0.161,0.72,1.3,224,1002,172,1
6,20,120,3.333,0.175,0.792,1.5,21,95,19,1
10,77,770,31.0,0.469,0.905,2.64,361,697,137,1
8,24,168,0.007,0.232,0.643,1.3,39,108,30,1
5,29,145,5.8,0.276,1.0,1.6,40,113,25,1
5,15,25,1.0,0.28,0.72,1.75,7,18,4,1
7,30,210,4.286,0.329,1.0,1.38,20,210,50,1
8,79,28,9.875,0.316,0.975,1.8,200,616,111,1
14,62,868,35.0,0.433,0.646,5.97,376,561,63,1
8,32,27,4.0,0.395,0.773,2.1,96,198,48,1
9,536,4824,27.0,1.0,0.358,1.38,441,1725,320,1
10,29,1550,250.0,0.275,0.803,1.85,427,1244,231,1
21,62,42,0.095,0.738,0.738,31.0,138,1380,1,2
1,43,344,5.375,0.343,0.977,1.71,118,336,69,1
6,96,576,16.0,0.217,0.797,1.45,125,459,17,1
9,52,468,30.0,0.359,0.827,2.4,168,387,153,1
11,15,32,45.0,0.358,0.752,2.19,59,124,478,1
8,184,26,537.0,0.237,1.0,1.64,349,64,213,1
10,251,2510,29.0,0.281,0.708,1.77,705,1776,398,1
8,12,25,1.5,0.417,0.802,2.11,40,36,19,1
10,18,180,1.8,0.311,1.0,1.93,56,127,29,1
4,114,456,28.5,1.0,0.978,1.83,179,446,98,1
10,271,2710,27.1,0.267,0.698,1.96,724,1892,1,1
1,17,119,2.429,0.555,0.933,2.64,50,111,25,1
9,36,324,26.0,0.611,0.926,3.36,198,300,59,1
8,30,240,3.75,0.383,0.983,22.0,92,236,49,1
6,146,876,24.333,0.325,0.691,1.83,285,605,1,1
17,23,391,1.353,0.419,0.808,6.56,45,316,25,1
9,107,963,11.889,0.204,0.683,1.42,196,658,27,1
28,171,4788,6.107,0.258,1.0,1.99,1235,4369,621,1
1,49,7,23.0,0.286,1.0,7.0,14,49,2,1
11,67,737,6.091,0.331,0.844,2.28,244,33,107,1
1,47,423,5.222,0.371,0.825,2.75,157,349,57,1
7,3,21,0.429,0.571,1.0,3.0,20,21,4,1
2,99,198,49.5,0.253,0.616,4.55,50,7,11,2
9,26,2529,31.222,0.272,0.856,1.73,687,2164,398,1
13,337,4381,25.923,0.185,0.751,1.58,811,3291,1,1
9,533,4797,59.222,0.167,0.592,1.0,799,23,596,1
8,1,8,0.125,1.0,1.0,24.0,8,8,1,4
10,256,2560,25.6,0.363,0.765,2.84,1,1959,327,1
6,97,19,16.167,0.299,0.701,1.85,174,408,94,1
8,24,104,1.625,0.683,0.817,7.1,71,85,10,1
9,264,2376,29.333,1.0,0.612,790.0,7372,1455,311,1
8,25,1080,194.0,0.077,0.294,1.54,83,317,54,1
2,536,1072,268.0,1.0,0.737,30.37,577,790,1072,2
6,16,168,4.667,0.292,0.875,1.29,49,147,38,1
7,31,217,4.429,0.461,0.991,2.44,100,215,20,1
11,98,1078,8.909,1.0,0.643,2.8,342,693,122,1
7,22,147,3.0,0.279,0.748,1.52,46,110,368,1
9,83,747,9.222,0.284,1.0,1.91,212,634,111,1
7,24,1435,29.286,0.109,0.573,164.0,156,822,124,1
1,47,47,47.0,0.426,1.0,1.0,20,47,19,1
7,47,21,142.0,0.38,1.0,2.31,125,249,15,1
10,29,147,5.9,0.251,0.763,1.7,148,450,87,1
76,1,240,0.013,1.0,1.0,76.0,76,76,1,4
1,69,828,5.75,0.332,1.0,2.81,275,518,98,1
7,22,98,2.0,0.327,0.99,2.67,32,97,12,1
8,242,1936,30.25,0.171,0.409,1.45,331,7,228,1
6,72,23,12.0,0.604,0.991,4.08,261,428,64,1
1,535,5350,537.0,0.166,0.681,1.32,889,3646,671,1
5,70,350,14.0,0.18,0.417,6.0,63,146,45,1
9,211,1899,23.444,0.219,0.707,1.48,1,1343,23,1
1,100,1000,10.0,0.212,0.702,293.0,212,702,1,1
1,36,36,0.007,1.0,1.0,4.2,21,36,1151,2
8,31,248,21.0,0.327,0.79,1.84,81,196,44,1
10,258,2580,28.0,0.337,0.648,2.67,869,1672,325,1
1,510,4590,56.667,0.075,0.288,1.44,346,1323,241,1
9,27,9,0.111,1.0,0.062,9.0,9,9,1,4
10,9,90,0.9,0.3,1.0,2.25,27,70,12,1
7,22,119,2.429,0.412,0.807,2.58,49,96,46,1
11,141,1551,31.0,0.366,0.79,2.85,567,1225,199,1
9,27,108,1.333,0.444,0.981,1.71,1,106,28,1
6,18,42,0.007,0.405,0.833,168.0,17,35,9,1
8,5,40,0.625,0.375,0.95,25.0,15,7,7,1
8,95,760,11.875,0.466,1.0,2.95,354,687,120,1
10,41,27,4.1,0.312,0.734,1.94,128,301,66,1
8,319,2552,39.875,0.174,0.692,1.26,1,1765,353,1
7,38,266,5.429,0.353,0.902,2.04,22,240,46,1
8,24,248,3.875,0.052,1.0,1.87,12,248,55,1
8,25,200,24.0,0.415,1.0,1.89,83,200,44,1
1,23,161,3.286,0.447,0.764,1.89,72,123,69,1
8,155,1240,19.375,0.366,0.964,11.0,454,1195,276,1
7,71,497,10.143,1.0,0.672,1.43,96,334,67,1
1,1,816,12.75,0.403,0.929,2.7,329,758,122,1
1,26,182,3.714,0.33,0.786,2.07,60,143,29,1
1,167,167,167.0,0.192,0.062,1.03,32,167,31,1
1,3,27,27.0,0.259,1.0,1.4,7,27,5,2
8,43,344,5.375,0.445,0.86,25.0,153,296,56,1
1,16,16,16.0,0.052,1.0,15.0,15,16,1,2
1,21,231,1.909,1.0,0.719,7.2,108,166,15,1
1,65,65,65.0,0.646,1.0,173.0,42,65,14,2
10,30,70,0.007,0.357,0.757,2.78,25,180,8,1
7,118,826,16.857,1.0,0.869,357.0,319,718,141,1
11,32,77,0.636,0.597,1.0,44.0,46,77,8,1
10,19,29,1.9,0.584,0.816,6.94,111,155,16,1
9,36,324,26.0,0.395,0.673,2.37,128,218,54,1
1,209,1672,26.125,0.173,0.828,1.27,290,1384,228,1
9,18,28,2.0,0.241,0.981,1.44,39,159,27,1
6,16,66,1.833,0.394,0.955,1.53,26,63,17,1
1,11,77,1.571,0.416,0.974,1.52,32,75,21,1
7,11,77,21.0,1.0,0.974,1.75,35,75,20,1
8,32,256,4.0,0.336,1.0,2.46,86,202,35,1
8,130,1040,16.25,0.36,0.876,2.21,374,911,10,1
1,19,133,2.714,0.346,0.842,1.77,46,112,26,1
23,70,23,0.043,1.0,1.0,583.0,23,23,1,4
14,84,1176,6.0,0.261,0.623,2.31,307,733,30,1
25,72,848,7.48,0.486,0.939,7.42,2272,20352,306,1
9,195,1755,21.667,0.126,0.383,1.0,221,673,144,1
10,94,940,9.4,0.286,1.0,20.0,269,940,151,1
1,175,2100,14.583,0.403,0.774,4.28,847,1625,531,1
9,17,153,24.0,0.235,0.647,1.44,36,99,25,1
1,7,49,1.0,0.265,0.612,3.25,13,30,4,1
1,37,1147,1.194,0.189,1.0,2.07,217,637,105,5
1,77,77,0.007,0.325,1.0,1.04,25,77,24,1
59,84,4956,165.0,0.659,0.71,148.36,3264,3517,22,1
8,57,456,7.125,1.0,0.958,2.91,198,437,68,1
8,12,25,1.5,0.406,0.896,1.86,39,86,21,1
10,155,1550,15.5,0.329,0.601,2.88,510,11,177,1
7,24,2135,43.571,0.109,0.501,1.21,232,1069,191,1
5,13,65,2.6,1.0,0.677,4.29,30,44,7,1
11,9,32,0.818,0.465,0.687,5.75,46,68,8,1
6,7,42,1.167,1.0,0.786,1.86,13,33,7,1
1,14,70,2.8,0.414,0.943,1.38,29,66,21,1
25,72,4450,7.12,0.475,1.0,7.95,2115,3885,266,1
9,99,891,11.0,0.312,0.826,2.16,30,736,129,1
12,117,36,9.75,0.231,0.712,1.68,324,1000,193,1
10,29,410,4.1,0.463,0.968,2.79,190,250,68,1
1,69,200,1.816,0.476,0.839,4.27,1247,2201,292,1
7,30,210,4.286,0.305,0.871,1.64,20,183,39,1
8,35,25,4.375,1.0,0.843,2.09,119,236,57,1
1,3,9,1.0,0.778,0.778,7.0,7,7,1,1
9,194,1746,28.0,0.169,0.597,1.37,295,1043,215,1
5,63,21,12.6,0.21,0.914,1.47,189,288,45,1
9,250,2250,27.778,1.0,0.733,2.56,810,1649,316,1
8,40,320,5.0,0.363,1.0,1.68,116,258,69,1
10,34,27,3.4,0.426,0.656,3.02,145,223,48,1
7,171,1197,24.429,0.16,0.062,1.25,192,724,154,1
11,367,23,33.364,1.0,0.77,1.64,891,3108,544,1
27,267,7209,9.889,1.0,0.674,4.36,2610,4860,823,1
10,20,200,2.0,1.0,1.0,8.82,97,136,580,1
16,227,3632,14.188,0.41,0.731,4.97,1490,2654,1,1
1,31,155,6.2,0.355,0.974,1.49,55,151,37,1
9,111,999,12.333,0.184,0.771,26.0,184,770,324,1
9,22,198,2.444,0.268,0.596,3.31,28,65,16,1
10,7,70,29.0,0.329,0.986,1.77,23,69,13,1
9,26,180,2.222,0.628,1.0,8.07,113,154,14,1
8,48,384,6.0,0.354,0.901,24.0,136,346,81,1
5,203,1015,8.0,0.239,0.859,1.3,243,872,187,1
8,9,72,1.125,0.319,0.639,24.0,23,28,144,1
8,24,96,1.5,0.427,0.719,2.73,41,69,15,1
6,46,276,20.0,1.0,0.877,1.48,89,242,60,1
8,26,208,3.25,0.37,0.654,2.41,24,136,32,1
9,166,1494,26.0,0.274,0.606,1.88,409,905,217,1
10,55,550,28.0,0.295,1.0,1.98,162,416,82,1
9,358,17,39.778,0.385,0.863,2.36,1240,705,525,1
8,20,21,2.5,0.206,0.813,1.38,60,130,24,1
95,282,8835,0.979,0.675,0.902,292.0,5966,7968,1644,3
14,19,266,1.357,0.113,1.0,30.0,30,134,1,5
16,382,39,23.875,0.375,0.6,1154.0,2292,3670,444,1
13,33,33,2.538,0.245,1.0,1111.0,105,229,27,1
24,337,8088,14.042,1.0,1.0,18.29,7647,8088,418,1
7,14,98,2.0,0.347,1.0,2.0,34,21,17,1
9,76,684,8.444,0.307,0.882,25.0,210,603,114,1
6,82,16,13.667,0.274,0.925,1.39,135,455,97,1
8,16,128,2.0,0.359,0.781,2.0,21,100,23,1
12,271,32,22.583,0.248,0.559,814.0,805,1818,433,1
8,9,72,1.125,0.389,0.708,2.33,28,24,12,1
9,508,4572,27.0,0.16,0.52,1.3,732,2379,1529,1
7,22,154,3.143,0.325,0.805,1.32,50,25,38,1
9,26,918,11.333,0.193,0.768,1.29,177,705,137,1
9,267,2403,29.667,0.131,0.517,1.35,1,1242,234,1
9,83,747,9.222,0.335,1.0,2.05,250,630,122,1
8,24,192,3.0,0.417,0.953,1.9,80,23,42,1
8,14,112,1.75,0.375,0.839,24.0,42,94,20,1
7,215,1505,30.714,0.548,0.997,1.0,824,23,246,1
7,22,35,0.714,0.2,0.429,7.0,7,15,1,1
1,1,133,2.714,0.248,0.624,1.5,33,83,22,1
9,18,162,2.0,0.259,1.0,1.56,42,115,27,1
1,19,19,19.0,0.052,1.0,3.75,15,19,4,2
9,33,297,3.667,0.458,0.983,2.19,27,292,62,1
14,29,406,2.071,0.14,1.0,1.63,57,204,35,1
7,39,273,5.571,0.33,0.853,1.43,90,233,22,1
7,65,455,9.286,0.407,0.895,2.18,185,407,16,1
9,19,28,2.111,0.269,0.643,1.35,46,110,34,1
1,52,520,158.0,0.306,0.688,1.96,159,358,1211,1
8,233,1864,29.125,0.262,0.838,1.0,488,1562,309,1
1,511,1555,46.455,0.17,0.538,4955.0,956,3023,671,1
1,537,1074,268.5,0.52,0.621,26.57,558,667,21,2
1,63,126,31.5,0.341,0.508,10.75,43,64,4,2
7,21,49,1.0,0.052,0.959,1.67,15,47,9,1
1,9,63,1.286,0.444,1.0,148.0,28,52,9,1
3,213,639,0.007,0.318,1.0,11.94,203,242,17,2
1,3,7,0.007,1.0,1.0,7.0,7,7,1,1
2,9,7,28.0,1.0,1.0,10.0,10,10,1,2
13,409,5317,31.462,0.312,0.602,3.03,12,3200,547,1
8,9,72,1.125,0.361,1.0,1.53,26,57,17,1
16,309,4944,38.0,0.382,0.549,5.38,1890,2713,927,1
8,185,1480,23.125,0.235,0.659,1.0,348,975,191,1
1,26,208,3.25,0.24,0.563,69.0,50,315,20,1
11,8,88,0.727,0.693,0.989,34.0,61,87,6,1
6,189,26,31.5,0.324,0.83,1.62,367,941,569,1
7,16,112,2.286,1.0,0.768,2.07,29,86,14,1
8,48,384,6.0,0.396,0.924,24.0,152,144,75,1
1,538,1076,269.0,1.0,1.0,34.88,558,736,16,2
8,59,472,22.0,0.186,0.672,1.49,88,317,59,1
8,82,27,10.25,0.434,0.75,2.91,285,492,98,1
9,91,27,10.111,0.206,0.731,1.37,169,599,123,1
8,28,224,3.5,0.393,1.0,2.2,88,170,85,1
4,11,44,2.75,0.364,0.955,1.33,16,42,17,1
72,96,184,1.333,0.488,0.582,15.69,3374,4025,215,3
8,95,760,11.875,0.303,0.937,17.0,230,287,130,1
8,9,72,1.125,0.403,0.722,1.93,29,52,24,1
5,2,10,0.4,0.8,1.0,8.0,16,10,1,1
8,70,560,8.75,0.464,0.988,2.36,260,553,28,1
10,29,330,3.3,0.394,0.645,3.25,130,250,40,1
8,23,184,2.875,0.321,1.0,1.51,59,165,39,1
1,4,32,12.0,0.375,1.0,2.4,12,32,5,1
8,46,368,25.0,0.391,0.951,1.85,144,350,78,1
10,261,2610,26.1,1.0,0.713,1.81,701,1860,388,1
9,163,1467,18.111,0.264,0.51,2.98,387,748,9,1
11,262,2882,23.818,0.238,0.57,1.84,685,7,373,1
1,17,136,2.125,0.529,0.853,50.0,102,116,25,1
1,4,278,278.0,0.946,1.0,29.22,263,278,9,2
13,297,3861,35.0,0.409,0.6,4.97,1579,901,318,1
1,10,10,10.0,1.0,1.0,1.0,10,10,1,2
9,7,63,0.778,0.349,1.0,2.2,22,43,10,1
10,31,310,3.1,0.281,0.606,1.98,87,188,24,1
8,5,24,0.625,0.275,0.45,3.67,11,18,3,5
11,9,99,33.0,0.475,0.636,15.67,47,63,3,1
6,4,24,0.667,0.625,0.792,20.0,15,19,11,1
8,25,91,1.75,0.482,0.679,3.0,54,76,18,1
8,41,328,5.125,0.351,1.0,125.0,344,316,60,1
8,47,376,26.0,0.221,0.702,1.26,83,264,66,1
5,5,25,15.0,0.52,1.0,2.17,13,25,6,1
8,82,656,10.25,0.402,1.0,2.1,264,650,126,1
9,9,81,1.0,0.321,0.395,13.0,26,25,2,1
11,127,1397,11.545,0.266,0.686,30.0,371,959,166,1
9,26,4590,56.667,0.149,0.592,1.28,684,2717,533,1
9,100,900,11.111,0.276,0.847,30.0,248,762,130,1
1,23,276,1.917,0.417,0.623,8.21,115,172,14,1
7,62,434,8.857,0.392,0.871,19.0,170,378,91,1
8,25,24,3.125,0.3,0.59,2.22,60,118,27,1
9,207,1863,23.0,0.177,0.632,1.0,330,1178,255,1
11,193,2123,17.545,0.243,1.0,579.0,516,1451,325,1
1,14,14,14.0,0.857,0.062,12.0,12,23,1,2
17,48,1870,6.471,0.175,0.603,1.46,328,1128,224,1
7,23,161,3.286,0.28,1.0,1.45,45,133,31,1
12,71,852,5.917,1.0,0.904,6.64,538,770,81,1
9,217,1953,24.0,0.168,0.686,1.4,329,1339,235,1
11,50,32,4.545,0.255,0.56,1.89,150,308,74,1
7,17,119,2.429,0.269,0.899,1.52,32,20,21,1
1,96,384,24.0,0.417,0.753,2.19,160,289,293,1
7,10,24,1.429,1.0,0.814,240.0,23,57,18,1
9,21,189,2.333,0.487,0.857,3.29,26,63,1,1
7,49,343,7.0,0.318,0.735,1.54,109,252,20,1
6,15,570,15.833,0.274,0.784,1.97,156,447,79,1
7,21,49,1.0,0.052,1.0,2.0,16,49,8,1
9,26,324,4.0,0.568,0.932,3.02,184,302,61,1
8,17,136,23.0,0.199,0.603,3.0,51,82,9,1
3,6,12,1.333,0.667,0.667,8.0,8,8,1,1
9,36,324,4.0,0.42,0.889,2.0,27,288,68,1
15,121,31,8.067,0.428,0.761,364.0,776,1381,145,1
11,8,88,0.727,0.375,1.0,4.13,33,53,8,1
12,28,336,2.333,0.265,0.592,33.0,89,199,29,1
1,16,16,16.0,1.0,1.0,16.0,16,16,1,2
7,24,301,6.143,0.243,0.807,3.48,73,243,21,1
9,534,4806,27.0,0.131,0.516,1.31,629,1603,479,1
24,334,8016,13.917,0.894,0.966,14.3,1,7740,501,1
10,27,270,2.7,0.367,1.0,2.02,80,7,49,1
1,1,38,0.105,0.816,0.816,31.0,194,31,1,4
13,36,203,17.462,0.226,0.837,2436.0,17,2470,215,1
7,14,98,2.0,0.265,1.0,1.18,26,81,22,1
8,12,96,24.0,0.417,0.969,2.11,40,93,19,1
9,36,26,4.0,0.654,0.92,6.42,212,298,33,1
5,15,35,1.4,0.686,1.0,3.0,24,35,8,1
1,76,76,76.0,0.961,1.0,36.5,73,76,1,2
1,18,51,4.5,0.25,1.0,2.57,18,38,6,1
5,8,40,1.6,0.55,1.0,1.83,22,38,12,1
8,523,20,65.375,0.06,0.305,1.2,250,1277,209,1
7,7,20,1.0,0.347,0.98,2.13,17,21,8,1
1,402,5628,28.714,0.399,1.0,4.75,2248,3554,473,1
9,41,369,4.556,1.0,0.661,1.32,90,244,68,1
10,20,200,2.0,0.54,0.78,9.0,108,31,12,1
7,21,147,3.0,0.327,0.912,1.71,23,134,28,1
10,251,2510,25.1,0.179,0.515,1.0,449,1293,327,1
38,227,44,5.974,0.304,1.0,7.09,2623,5593,370,1
9,13,117,1.444,0.53,0.88,3.26,62,103,25,1
9,19,171,2.111,1.0,0.86,7.23,94,147,13,1
1,15,105,2.143,1.0,0.762,3.09,34,80,11,1
1,9,63,1.286,0.333,0.952,1.4,21,28,15,1
2,5,208,52.0,0.063,0.529,1.08,13,110,12,1
10,413,37,41.3,0.315,0.731,2.47,1302,3018,527,1
9,244,2196,27.111,1.0,0.801,1.59,520,1758,327,1
8,126,1008,15.75,0.188,0.685,1.27,27,376,149,1
8,24,112,1.75,0.438,0.768,2.23,49,86,22,1
9,47,423,5.222,0.404,0.943,1.99,27,399,86,1
1,31,217,4.429,0.461,0.922,83.0,100,200,47,1
7,35,245,5.0,0.404,0.939,1.9,99,22,105,1
8,10,21,1.25,0.425,0.913,2.0,34,73,17,1
8,12,96,24.0,0.375,0.927,1.8,36,7,20,1
9,17,153,24.0,0.229,0.582,1.67,35,89,21,1
10,76,760,7.6,1.0,0.799,3.03,360,607,119,1
8,70,560,8.75,0.298,0.914,1.76,167,512,28,1
9,38,342,28.0,0.313,0.62,2.18,114,1064,49,1
22,22,484,51.0,0.107,0.473,1.79,52,229,29,5
6,46,276,20.0,0.217,0.804,2.0,60,222,30,1
8,18,144,2.25,0.361,0.944,2.17,23,136,24,1
5,94,16,18.8,0.313,0.751,1.91,147,353,77,1
8,14,112,1.75,0.393,1.0,2.32,44,79,19,1
1,7,7,7.0,0.052,1.0,7.0,7,7,23,1
11,427,48,38.818,0.566,0.57,189.79,2657,2676,14,2
9,109,981,12.111,0.243,0.848,1.58,238,26,151,1
1,180,180,0.007,0.983,1.0,88.5,177,180,2,2
9,167,26,502.0,0.378,0.727,2.88,568,1093,197,1
7,4,19,0.571,0.536,1.0,5.0,15,28,3,1
9,26,162,12.444,0.213,0.835,1.59,1384,842,135,1
7,38,266,5.429,0.226,0.639,22.0,60,170,43,1
8,1,8,0.125,1.0,1.0,8.0,8,23,1,4
9,29,261,24.0,0.287,1.0,1.53,75,195,49,1
1,14,84,2.333,0.286,1.0,1.2,24,84,20,1
10,511,28,51.1,0.115,0.414,1.53,588,2114,1531,1
8,162,1296,20.25,0.327,0.79,9.0,424,1024,149,1
11,90,990,8.182,0.362,0.808,2.82,25,800,127,1
10,53,530,5.3,1.0,0.781,1.44,114,414,79,1
8,13,104,1.625,0.394,0.913,2.28,23,95,18,1
1,44,44,44.0,0.052,1.0,5.33,32,44,6,2
6,39,234,6.5,0.393,0.927,22.0,92,217,52,1
8,9,72,1.125,0.125,0.319,4.5,9,24,2,5
6,18,108,3.0,0.306,0.787,1.32,33,19,25,1
7,25,175,3.571,0.349,0.737,22.0,61,129,75,1
7,140,980,20.0,0.253,0.886,1.0,248,868,167,1
1,9,99,0.818,0.404,1.0,4.44,40,71,9,1
7,24,231,4.714,0.264,0.844,1.2,61,195,51,1
16,49,336,1.313,0.095,0.515,1.6,32,173,20,5
9,21,189,2.333,0.392,0.899,2.74,74,26,63,1
11,86,32,7.818,0.283,0.764,1.91,268,258,140,1
8,25,24,3.125,0.355,0.88,1.73,71,176,41,1
6,13,19,2.167,0.231,0.487,3.0,18,38,6,1
1,142,1704,433.0,0.337,0.759,3.04,575,1293,189,1
6,97,582,16.167,0.232,0.852,1.55,135,496,21,1
7,19,22,2.714,0.662,0.925,4.89,57,123,18,1
9,81,729,9.0,0.337,0.918,1.97,25,669,241,1
11,74,814,6.727,0.247,0.695,1.97,201,32,102,1
24,18,432,0.75,0.139,1.0,2.07,60,163,29,5
8,1,8,0.125,1.0,1.0,23.0,8,8,3,4
10,52,30,5.2,1.0,0.85,2.0,140,442,70,1
1,12,12,12.0,0.583,1.0,1.75,1,12,4,1
9,27,711,0.007,0.323,0.873,2304.0,28,621,1,1
4,524,2096,131.0,0.542,0.603,40.57,1136,1264,1,2
1,2,10,0.4,0.8,0.8,8.0,8,8,1,1
10,99,990,27.0,0.443,0.912,2.64,439,903,166,1
8,21,168,22.0,0.357,0.911,1.67,63,153,36,1
10,19,190,1.9,0.611,0.9,8.29,116,30,14,1
10,40,400,4.0,0.295,0.68,1.9,118,29,62,1
5,7,35,1.4,0.543,1.0,2.11,19,35,19,1
10,131,1310,13.1,0.456,1.0,3.0,597,1115,265,1
9,261,2349,29.0,0.183,0.718,1.42,1,1686,302,1
8,84,672,10.5,0.229,0.689,25.0,154,250,110,1
12,8,96,33.0,0.292,1.0,24.0,28,96,9,1
14,141,1974,10.071,1.0,0.67,2.29,549,1323,240,1
12,20,33,1.667,0.525,1.0,9.0,126,205,14,1
7,15,105,24.0,0.448,0.829,1.74,47,87,27,1
8,302,2416,37.75,0.211,0.73,1.43,1,1763,356,1
9,107,26,11.889,0.217,0.842,1.34,209,811,323,1
9,26,4590,56.667,0.148,0.537,1.33,681,2465,513,1
7,24,164,6.571,0.298,0.994,2.18,96,320,44,1
9,45,405,5.0,0.425,0.938,2.77,172,26,62,1
9,24,216,2.667,0.537,1.0,2.9,116,24,40,1
8,16,128,2.0,0.43,1.0,2.04,55,128,27,1
8,25,2176,34.0,0.187,0.568,1.41,407,1236,288,1
1,11,66,1.833,1.0,0.848,1.3,13,56,173,1
9,100,900,29.0,0.463,0.908,2.92,417,817,143,1
8,9,72,21.0,0.319,0.667,2.3,23,48,10,1
7,14,98,2.0,0.378,0.969,21.0,37,95,19,1
11,20,32,1.818,1.0,0.882,8.47,127,194,640,1
5,23,115,4.6,1.0,1.0,293.0,26,115,10,1
5,12,60,14.0,0.133,0.267,36.0,8,16,2,5
10,250,2500,25.0,0.12,0.603,1.19,301,7,253,1
9,103,927,28.0,0.164,0.771,1.22,152,715,125,1
9,520,4680,57.778,0.081,0.308,1.37,378,1441,1,1
8,14,112,1.75,0.446,1.0,2.17,50,24,41,1
10,316,3160,31.6,0.366,0.673,1.0,1158,2126,23,1
1,98,980,9.8,0.391,0.835,2.41,383,818,159,1
7,256,27,537.0,0.135,0.603,1.36,242,1081,178,1
10,19,190,29.0,0.142,0.326,3.0,27,62,57,1
9,27,171,2.111,0.292,0.684,1.52,50,117,1,1
10,336,3360,33.6,0.163,0.623,1.32,549,7,134,1
29,31,899,1.069,1.0,0.726,6.93,416,653,96,3
13,440,5720,33.846,1.0,0.696,2.18,1459,3983,669,1
1,86,774,9.556,0.394,0.705,2.85,305,546,107,1
8,36,288,4.5,0.299,1.0,2.21,86,108,39,1
9,26,558,6.889,0.403,0.665,3.26,225,371,162,1
11,12,30,1.091,0.295,0.818,3.0,39,108,36,1
6,13,78,18.0,1.0,0.692,1.53,23,54,15,1
9,14,24,1.556,1.0,0.897,2.47,42,113,17,1
1,1,245,5.0,0.347,0.771,1.52,85,194,56,1
6,96,576,16.0,0.267,0.939,17.0,154,541,102,1
7,33,231,4.714,1.0,0.896,1.57,99,207,54,1
12,409,4908,34.083,0.302,0.604,2.88,1482,7,515,1
1,9,45,1.8,1.0,1.0,1.88,15,45,8,1
8,162,1296,20.25,0.435,0.936,9.0,564,1213,188,1
1,240,2160,26.667,0.259,0.714,1.66,559,1542,336,1
8,43,344,5.375,0.494,1.0,3.4,170,328,132,1
10,67,670,6.7,0.321,0.81,33.0,215,543,203,1
11,32,264,2.182,0.307,0.795,2.08,81,210,39,1
1,249,249,249.0,0.173,0.062,1.02,43,249,23,1
11,122,1342,11.091,1.0,0.656,1.94,365,881,177,1
7,14,98,2.0,0.337,0.786,1.38,33,21,24,1
7,11,77,21.0,0.377,0.948,1.38,29,73,21,1
7,207,1449,29.571,0.249,0.771,1.0,23,1117,279,1
10,22,29,2.2,0.277,0.595,1.74,61,131,35,1
1,10,10,0.007,1.0,1.0,10.0,10,10,1,2
10,10,30,1.0,0.52,0.53,52.0,52,53,1,1
1,1,329,6.714,0.258,0.763,1.29,676,7,66,1
9,26,495,6.111,0.251,0.808,1.43,124,400,87,1
1,50,450,5.556,0.22,0.691,1.32,99,311,75,1
1,24,71,3.0,0.339,0.917,1.81,65,176,36,1
160,286,45760,1.788,0.201,0.226,55.42,9199,91,166,5
3,4,12,1.333,0.833,0.917,13.0,10,11,1,1
9,56,504,25.0,0.339,0.931,2.22,171,469,77,1
8,15,120,1.875,0.325,0.833,1.86,24,100,21,1
11,98,1078,8.909,0.397,0.778,2.61,428,30,164,1
1,202,1818,22.444,0.087,0.254,1.3,158,462,122,1
8,43,344,5.375,0.398,0.945,1.69,25,325,81,1
11,84,924,35.0,1.0,0.82,1.69,242,758,143,1
9,175,1575,31.0,0.177,0.624,1.26,279,983,222,1
9,91,819,10.111,1.0,0.956,1.98,247,783,125,1
6,17,24,138.0,0.262,0.786,1.83,11,33,6,1
2,100,200,50.0,0.46,0.062,11.5,92,101,8,2
11,262,2882,23.818,1.0,1.0,1.94,747,2271,386,1
1,209,5016,8.708,1.0,0.992,17.27,4645,4976,269,1
10,75,750,28.0,0.428,0.909,2.28,321,682,226,1
8,25,2768,43.25,0.166,0.66,1.35,459,1828,339,1
13,36,1040,6.154,0.434,0.536,5.57,451,557,81,1
10,80,800,8.0,1.0,0.799,2.06,251,639,122,1
1,53,530,5.3,0.343,0.811,2.0,182,156,91,1
1,537,1608,268.5,0.507,0.528,4955.0,544,567,3,2
10,13,130,29.0,1.0,0.885,1.61,37,115,23,1
10,28,280,2.8,0.343,0.975,25.0,96,273,45,1
5,4,20,0.8,0.65,1.0,3.25,13,17,4,1
19,12,57,0.632,0.303,0.439,7.67,69,100,9,1
10,30,80,0.8,0.313,0.9,1.56,25,72,16,1
8,93,744,11.625,0.324,0.835,1.99,241,20,121,1
1,47,94,140.0,0.17,1.0,1.14,19,48,14,1
1,272,2448,30.222,0.277,0.67,1.86,679,1640,365,1
15,29,435,1.933,0.524,0.97,4.15,34,422,55,1
7,22,168,3.429,0.268,0.708,1.61,45,119,28,1
12,118,1416,9.833,0.309,1.0,351.0,438,1028,181,1
11,32,110,0.909,0.436,1.0,4.36,48,102,11,1
1,54,432,6.75,0.537,0.951,3.36,232,411,156,1
9,299,2691,33.222,0.133,0.574,1.31,1,1545,274,1
8,108,864,13.5,0.293,0.897,1.69,253,775,26,1
8,25,352,5.5,0.426,0.938,3.26,150,330,46,1
136,1,136,0.0070,0.993,1.0,135.0,267,136,1,4
10,29,510,5.1,0.41,0.667,3.12,209,340,67,1
8,49,25,6.125,0.441,0.997,1.9,173,391,91,1
12,66,792,34.0,0.402,0.78,3.03,318,618,105,1
1,61,61,181.0,1.0,1.0,61.0,61,61,1,2
7,63,441,23.0,1.0,0.971,1.99,147,428,74,1
17,11,187,0.647,0.417,0.647,42.0,78,121,8,1
1,21,168,2.625,1.0,0.744,1.68,52,125,31,1
6,96,576,22.0,0.309,0.925,1.73,178,533,103,1
9,535,4815,59.444,1.0,0.636,1.38,1603,3063,573,1
5,15,35,1.4,0.371,0.743,4.33,13,26,3,1
17,24,408,49.0,0.4,0.838,4.79,163,342,34,1
9,36,324,4.0,0.549,1.0,3.3,178,296,109,1
8,23,184,2.875,0.375,0.88,23.0,69,162,33,1
10,69,30,6.9,0.277,0.68,208.0,191,469,103,1
7,14,98,2.0,0.327,1.0,21.0,40,98,20,1
14,19,266,1.357,0.128,0.541,2.83,34,144,12,5
10,125,28,12.5,0.456,0.862,376.0,570,1078,195,1
6,90,540,15.0,0.394,0.804,2.2,9,434,97,1
11,146,1606,13.273,0.238,0.58,1.83,383,932,1,1
1,147,1470,14.7,0.168,0.55,1.29,247,809,191,1
9,6,24,0.667,0.5,0.593,13.5,27,32,2,1
10,269,2690,26.9,0.306,0.062,5.15,23,1335,160,1
9,27,45,0.556,0.244,0.867,2.2,11,39,5,1
11,21,231,1.909,1.0,0.68,3.96,95,157,24,1
5,15,50,2.0,0.28,0.74,7.0,14,37,2,1
7,19,133,2.714,1.0,0.632,1.65,38,84,23,1
8,99,792,12.375,0.199,1.0,300.0,158,524,114,1
12,284,3408,23.667,0.325,0.725,2.87,1109,2471,1,1
1,1,106,106.0,0.434,1.0,1.02,46,106,45,2
1,20,140,58.0,0.229,1.0,1.19,32,7,1,1
1,102,305,11.333,0.357,0.867,2.43,328,796,135,1
1,80,720,8.889,0.333,0.914,2.09,214,658,115,1
11,183,2013,16.636,0.481,0.747,1.0,969,1503,208,1
6,16,42,1.167,0.714,0.857,30.0,30,36,1,1
1,60,600,6.0,1.0,0.607,1.47,134,364,91,1
1,92,2116,4.0,0.145,0.532,1.44,306,1126,212,1
9,82,738,9.111,1.0,0.935,2.09,182,690,87,1
9,124,1116,13.778,0.367,0.705,2.85,410,27,144,1
11,32,132,1.091,0.5,0.841,4.13,66,111,44,1
12,84,1008,7.0,0.282,0.778,1.91,28,784,248,1
9,16,144,1.778,0.208,0.542,2.14,21,78,14,1
10,29,790,7.9,0.244,0.742,1.79,250,586,108,1
5,23,115,4.6,0.504,0.783,21.0,58,90,24,1
8,24,104,1.625,0.052,0.837,4.69,61,87,13,1
8,24,128,2.0,0.211,0.672,1.42,27,86,19,1
1,41,410,4.1,1.0,0.632,1.93,114,259,59,1
1,2,10,0.4,0.7,0.7,7.0,7,7,1,1
7,20,140,2.857,0.364,0.871,1.46,23,122,35,1
9,198,1782,22.0,0.289,0.681,1.88,515,1213,1,1
8,25,496,7.75,0.214,0.645,1.43,106,320,74,1
8,9,72,21.0,0.458,0.986,2.2,33,71,27,1
11,205,2255,18.636,0.371,0.717,1.0,837,1616,278,1
8,76,608,9.5,0.232,0.51,1.88,141,25,75,1
12,67,804,5.583,0.35,1.0,2.84,281,557,99,1
14,300,4200,21.429,1.0,0.607,2.39,1106,2550,462,1
8,35,280,25.0,0.396,0.986,1.88,111,105,59,1
9,36,324,26.0,0.565,0.944,3.16,183,306,58,1
10,54,540,5.4,1.0,1.0,1.94,165,372,85,1
9,102,918,11.333,0.183,1.0,1.27,168,738,132,1
6,14,84,2.333,1.0,1.0,1.28,23,84,18,1
1,281,7868,10.036,1.0,0.551,4.72,2502,4339,530,1
10,29,2190,21.9,0.153,1.0,1.24,1665,1317,270,1
1,35,245,5.0,0.494,1.0,2.2,121,245,55,1
10,36,27,3.6,1.0,0.817,1.98,115,294,58,1
8,343,2744,42.875,1.0,1.0,1.2,354,3849,294,1
22,65,1584,3.273,0.469,1.0,8.64,743,1343,86,1
9,63,567,7.0,0.289,0.778,1.98,19,441,83,1
9,116,1044,12.889,0.339,0.88,33.0,354,351,190,1
8,19,152,2.375,1.0,1.0,2.16,69,152,32,1
3,4,12,1.333,1.0,0.917,11.0,11,11,1,1
6,13,78,2.167,0.256,0.974,1.54,16,76,13,1
10,29,980,9.8,0.376,0.861,2.1,368,844,175,1
2,48,7,24.0,1.0,0.677,141.0,60,65,141,2
1,54,594,4.909,1.0,0.781,2.19,162,1378,74,1
9,100,900,11.111,0.247,0.637,30.0,222,573,121,1
7,15,105,24.0,0.333,0.838,1.46,35,88,24,1
15,42,165,0.733,0.503,0.685,10.38,83,113,8,1
1,41,41,41.0,0.39,1.0,1.07,16,41,15,1
14,433,6062,45.0,0.355,0.572,4.44,2152,3467,485,1
93,4,272,0.043,0.419,0.565,2.89,156,210,54,4
9,23,207,2.556,0.246,1.0,1.82,51,118,28,1
7,214,22,30.571,0.449,0.899,2.77,672,1346,243,1
1,8,8,8.0,1.0,1.0,8.0,8,8,1,2
1,311,4043,23.923,0.216,0.759,1.63,873,3069,889,1
10,36,360,3.6,0.264,0.711,1.86,27,256,51,1
8,148,1184,18.5,0.208,0.725,1.24,246,858,1,1
8,12,25,1.5,0.385,0.948,36.0,37,91,300,1
1,148,148,0.007,0.986,1.0,73.0,23,148,2,2
8,71,568,8.875,0.312,0.866,24.0,177,492,95,1
804,449,8844,0.014,0.191,0.233,15.64,1689,2058,108,4
11,101,1111,9.182,0.264,1.0,1.65,293,947,178,1
1,3,28,28.0,0.464,1.0,2.17,13,28,6,2
8,122,976,15.25,1.0,0.65,1.44,367,634,154,1
10,29,147,20.5,0.381,1.0,3.04,781,1451,257,1
1,24,432,1.333,0.454,0.75,5.76,196,69,34,1
1,74,74,74.0,0.052,1.0,1.08,23,74,13,1
7,20,140,24.0,0.336,0.707,2.24,47,99,21,1
8,16,128,23.0,0.344,0.898,1.91,44,115,23,1
11,94,1034,8.545,0.38,0.677,3.12,393,700,20,1
1,12,96,1.5,0.448,0.885,1.95,43,85,22,1
9,26,4815,59.444,0.126,0.444,1.29,606,2136,469,1
7,17,24,2.429,0.328,1.0,1.44,39,87,27,1
9,168,1512,18.667,0.315,0.697,2.15,476,9,221,1
7,21,147,3.0,1.0,0.85,1.35,63,125,31,1
8,69,552,8.625,0.205,0.826,1.38,113,456,28,1
7,52,21,7.429,0.266,0.959,1.21,97,349,153,1
1,62,62,62.0,0.984,1.0,61.0,61,62,1,2
9,534,4806,59.333,1.0,0.633,1.34,784,3043,585,1
1,32,32,32.0,0.052,1.0,5.75,23,32,4,2
13,5,65,33.0,0.123,0.538,8.0,8,35,1,5
6,16,78,2.167,0.295,0.872,1.44,23,68,16,1
10,19,190,29.0,0.563,0.837,8.23,107,159,13,1
8,101,808,12.625,0.222,0.834,1.29,179,674,30,1
3,537,1611,179.0,0.353,0.364,71.13,1,587,8,2
7,114,798,16.286,0.253,0.741,1.77,202,591,12,1
8,3,24,0.375,0.5,1.0,3.0,12,22,4,1
10,29,1370,13.7,0.191,0.693,1.4,261,949,187,1
5,8,40,1.6,0.375,0.475,15.0,15,19,19,1
8,43,344,5.375,0.387,1.0,1.93,133,262,69,1
1,72,2664,1.946,0.12,0.257,214.0,321,685,42,5
10,88,880,33.0,0.248,0.49,2.16,218,431,101,1
10,398,3980,39.8,0.342,0.745,1.0,1361,2965,557,1
1,16,112,2.286,0.286,0.955,1.68,32,107,19,1
6,25,20,4.167,0.273,0.787,75.0,41,118,35,1
1,43,387,4.778,1.0,0.899,2.98,176,348,59,1
10,41,410,4.1,0.276,1.0,1.61,113,284,70,1
24,510,12240,21.25,0.052,1.0,38.65,10359,11341,268,2
12,2,38,0.167,0.625,0.667,15.0,15,16,1,4
9,186,1674,20.667,1.0,0.786,3.24,712,1315,220,1
9,26,333,4.111,0.526,0.898,3.18,175,299,55,1
10,29,630,6.3,0.294,1.0,2.2,185,564,84,1
8,113,904,14.125,1.0,0.759,1.41,190,686,135,1
9,28,252,3.111,0.258,0.607,23.0,65,153,43,1
6,17,17,2.833,0.294,0.863,1.15,30,88,26,1
5,15,55,2.2,0.309,0.836,1.7,17,46,10,1
1,18,144,2.25,0.424,0.889,2.03,61,128,30,1
11,154,31,14.0,0.36,0.731,465.0,609,1238,206,1
53,48,2544,0.906,0.181,0.374,4.69,460,71,98,5
8,25,24,3.125,0.37,0.73,2.06,74,146,36,1
9,56,25,6.222,0.327,0.688,1.94,166,347,85,1
8,39,312,4.875,0.369,1.0,116.0,115,309,56,1
1,1,693,537.0,1.0,0.97,2.63,337,672,128,1
1,34,170,6.8,0.141,0.594,1.26,24,101,19,1
8,353,2824,44.125,0.07,0.292,1.0,197,825,165,1
1,3,70,70.0,0.943,1.0,22.0,66,70,3,2
1,22,22,22.0,0.318,1.0,1.0,7,22,6,1
8,45,360,5.625,0.222,0.806,1.9,24,290,42,1
6,3,17,0.5,0.556,0.556,10.0,10,10,1,1
8,4,23,0.5,0.594,1.0,2.71,19,32,7,1
9,99,891,11.0,0.27,0.818,1.93,241,30,125,1
6,58,348,9.667,0.276,1.0,172.0,96,259,82,1
16,424,6784,26.5,1.0,0.719,5.16,2518,4879,1267,1
10,100,1000,27.0,0.436,0.91,2.53,436,910,172,1
12,33,218,6.0,0.63,1.0,6.11,544,765,89,1
6,14,84,2.333,1.0,0.893,42.0,23,75,14,1
5,15,75,3.0,0.547,0.947,17.0,41,71,20,1
29,48,1392,1.655,0.116,0.268,30.0,162,147,32,5
6,24,144,20.0,0.264,1.0,1.46,38,110,26,1
9,35,315,3.889,0.33,1.0,2.0,104,263,52,1
9,18,162,2.0,0.352,0.901,1.84,57,28,31,1
8,271,2168,33.875,0.217,0.786,1.29,470,7,364,1
6,16,42,1.167,0.476,0.976,15.0,20,41,9,1
9,82,738,24.0,0.408,0.924,2.39,301,682,126,1
7,227,1589,32.429,0.217,0.509,1.0,345,23,215,1
22,67,57,3.045,0.221,0.919,199.0,326,1354,112,1
9,162,1458,25.0,0.254,0.527,2.69,487,769,138,1
7,22,91,1.857,0.319,0.846,1.61,29,77,18,1
8,12,25,1.5,1.0,0.958,1.86,41,92,22,1
9,98,882,10.889,1.0,0.712,2.03,266,628,131,1
1,12,96,1.5,0.458,0.927,2.2,44,89,20,1
9,129,1161,14.333,0.169,0.647,1.41,196,30,139,1
7,40,280,5.714,0.339,0.936,1.44,95,24,66,1
9,187,1683,20.778,0.42,1.0,3.03,707,1323,233,1
8,33,264,4.125,1.0,0.886,1.57,91,234,58,1
12,69,36,5.75,0.4,0.74,3.48,331,613,95,1
11,12,132,1.091,0.455,0.977,2.22,60,31,27,1
8,19,152,2.375,0.355,0.954,2.0,54,145,24,1
27,320,8640,11.852,0.321,0.561,4.53,2774,7,134,1
7,13,91,1.857,0.374,0.978,1.79,34,89,21,1
11,8,88,0.727,0.705,1.0,7.75,62,88,8,1
11,32,451,3.727,0.337,0.634,2.92,152,286,52,1
7,75,525,10.714,0.661,0.907,5.51,347,22,63,1
4,5,20,13.0,0.35,1.0,2.33,7,16,3,5
8,16,128,2.0,0.438,1.0,2.67,56,114,21,1
13,386,5018,29.692,0.286,0.062,2.19,1437,3301,657,1
6,35,21,5.833,1.0,0.943,2.67,112,198,728,1
11,25,275,2.273,1.0,0.931,2.56,75,256,36,1
1,18,126,2.571,0.27,0.714,1.36,34,50,102,1
1,17,17,17.0,0.412,0.062,1.75,7,17,4,2
7,16,112,2.286,1.0,0.705,1.38,29,79,21,1
1,43,344,5.375,0.372,0.956,2.1,128,329,61,1
9,26,324,4.0,0.586,0.948,3.45,190,307,55,1
9,26,4815,59.444,0.136,1.0,1384.0,655,2399,470,1
10,61,610,6.1,0.487,0.834,3.13,297,509,25,1
10,18,180,27.0,0.294,0.883,1.96,53,159,27,1
98,3,294,0.031,0.48,0.486,141.0,141,267,1,4
6,37,222,6.167,0.392,0.757,2.23,22,168,113,1
1,1,5744,22.438,0.376,1.0,5.41,2158,14,399,1
7,22,154,24.0,0.097,0.403,1.36,15,62,66,1
1,3,36,36.0,0.722,1.0,8.67,26,36,3,2
10,11,110,1.1,0.491,0.845,4.5,31,93,12,1
7,22,154,3.143,0.247,0.714,1.23,25,110,31,1
9,511,4599,27.0,0.164,0.509,1.42,755,1529,530,1
8,40,320,21.0,0.403,0.991,120.0,129,317,51,1
7,6,42,0.857,0.333,1.0,1.4,22,42,10,1
1,41,287,5.857,0.213,0.861,1.33,61,247,46,1
9,66,594,7.333,1.0,0.707,1.42,143,420,101,1
5,7,35,1.4,0.4,0.943,19.0,14,33,8,1
12,11,132,0.917,0.652,1.0,12.29,86,97,7,1
1,196,7,23.0,0.98,1.0,64.0,192,196,3,2
7,21,203,0.007,0.281,0.842,1.46,57,171,39,1
9,26,423,5.222,0.492,0.948,2.42,162,401,86,1
8,25,560,8.75,0.388,0.841,2.21,217,471,98,1
7,24,1057,21.571,0.077,0.434,164.0,81,459,61,1
14,11,154,0.786,0.526,0.708,8.1,81,32,10,1
5,3,15,0.6,0.533,1.0,2.67,8,16,3,1
6,96,576,22.0,0.335,0.703,2.44,193,405,79,1
1,20,460,0.87,0.507,0.672,21.18,233,309,11,1
1,17,17,17.0,1.0,1.0,17.0,17,17,1,2
10,21,210,2.1,1.0,1.0,3.17,73,159,609,1
6,96,576,16.0,0.274,1.0,1.58,158,287,100,1
10,22,29,2.2,0.323,0.814,2.09,71,179,34,1
9,33,297,3.667,0.354,0.781,1.84,105,232,27,1
10,9,90,0.9,0.644,0.689,58.0,58,62,32,1
24,282,6768,11.75,0.443,0.878,1.0,2995,5944,384,1
1,33,33,33.0,1.0,1.0,33.0,105,33,1,2
1,271,2710,27.1,0.176,0.574,1.39,476,1556,342,1
1,152,1368,16.889,0.379,0.765,2.77,518,477,187,1
5,50,19,10.0,0.36,0.812,1.58,90,203,57,1
10,19,190,1.9,0.6,0.895,8.14,30,170,14,1
9,41,369,4.556,0.374,1.0,2.26,138,325,61,1
9,28,27,3.111,0.25,0.77,1.47,63,194,43,1
1,9,81,1.0,0.358,0.914,28.0,29,74,16,1
9,26,963,11.889,0.357,0.875,2.14,344,843,161,1
1,17,119,2.429,0.261,1.0,1.82,31,113,102,1
7,19,133,2.714,0.398,0.88,24.0,53,117,58,1
9,26,198,2.444,0.389,0.843,1.93,77,167,40,1
3,3,9,1.0,0.889,0.889,3.0,8,8,1,1
8,24,112,1.75,0.464,0.768,2.6,52,86,20,1
1,44,396,129.0,0.467,1.0,15.527999877929688,185,374,59,1
11,100,1100,31.0,0.456,0.882,3.04,502,970,165,1
1,4,19,99.0,0.192,1.0,1.06,19,99,18,1
6,15,300,8.333,0.327,0.687,2.0,98,206,49,1
1,108,972,12.0,0.345,0.645,2.45,335,627,137,1
9,159,1431,17.667,0.249,0.605,1.93,356,7,184,1
5,5,14,1.0,0.4,0.56,5.0,10,14,15,1
6,15,228,6.333,0.377,0.833,1.51,86,190,57,1
10,57,570,5.7,0.556,0.719,28.0,317,410,166,1
9,21,189,2.333,0.365,1.0,2.88,69,155,24,1
8,25,1296,20.25,0.204,0.412,3.12,265,534,85,1
10,101,1010,31.0,0.442,0.855,2.92,446,864,153,1
6,14,84,2.333,0.298,0.619,1.79,25,16,39,1
1,89,979,8.091,0.17,1.0,760.0,166,691,107,1
10,511,5110,51.1,1.0,0.625,1.35,805,3194,596,1
1,13,13,13.0,0.769,1.0,5.0,10,7,2,1
9,19,171,2.111,0.392,0.83,2.31,67,28,29,1
1,47,138,4.7,0.481,0.991,2.97,1058,466,76,1
7,15,105,2.143,0.4,0.752,1.83,24,79,23,1
6,17,17,2.833,0.343,0.873,1.3,35,89,27,1
9,40,360,26.0,0.494,0.925,2.92,178,333,61,1
10,30,300,31.0,0.307,0.94,1.96,92,282,47,1
10,29,2510,25.1,0.141,0.621,1.23,354,1559,287,1
10,29,310,3.1,0.645,0.774,6.67,200,240,30,1
8,25,91,19.25,0.424,0.87,2.75,522,1072,190,1
7,24,22,3.429,0.196,0.762,1.38,33,128,24,1
14,227,40,537.0,0.237,0.839,3.34,754,2667,226,1
1,39,234,120.0,0.466,0.889,2.1,109,208,52,1
7,31,217,4.429,1.0,0.853,1.78,48,185,27,1
2,199,398,99.5,0.485,0.508,32.17,193,202,1,2
11,2,31,0.182,0.636,0.636,14.0,14,14,1,4
7,11,77,1.571,1.0,0.922,1.21,33,71,14,1
1,38,494,2.923,0.314,0.957,3.6,155,473,43,1
9,163,25,18.111,0.263,0.549,2.82,386,805,137,1
9,46,414,5.111,0.242,0.737,1.47,100,26,68,1
10,248,2480,28.0,0.356,0.729,2.6,883,1807,749,1
7,48,24,6.857,0.33,0.821,1.44,111,276,77,1
10,508,5080,28.0,0.16,0.628,1.41,1529,3189,578,1
1,20,180,2.222,0.261,0.617,1.68,47,111,28,1
5,98,490,19.6,1.0,0.639,2.14,292,313,78,1
7,21,287,0.007,0.321,0.725,1.48,805,208,62,1
10,262,2620,32.0,0.29,0.826,1.76,761,2163,432,1
11,65,31,5.909,0.39,0.877,2.61,279,627,107,1
11,12,132,1.091,0.492,0.75,31.0,65,99,15,1
28,83,1260,1.607,0.368,0.54,413.0,464,680,3212,1
9,222,31,24.667,0.202,0.711,1.52,403,1421,266,1
7,24,259,5.286,0.521,0.954,3.14,135,247,43,1
5,32,160,6.4,1.0,1.0,1.47,69,158,47,1
8,8,64,1.0,0.406,0.953,2.17,24,61,12,1
8,78,624,9.75,0.244,0.745,1.35,25,465,113,1
8,8,64,1.0,1.0,1.0,3.44,31,64,9,1
7,13,91,1.857,1.0,0.945,2.05,39,86,19,1
9,108,972,12.0,1.0,0.778,1.73,216,756,125,1
8,30,240,3.75,1.0,0.788,2.3,108,189,47,1
8,12,96,1.5,1.0,0.906,2.16,41,87,19,1
10,29,1190,11.9,0.202,0.842,1.59,240,1002,151,1
12,71,852,36.0,0.481,0.757,5.86,410,645,70,1
9,70,630,7.778,0.433,1.0,211.0,273,536,98,1
12,71,852,5.917,0.628,0.872,36.0,535,743,79,1
9,54,486,6.0,1.0,0.852,1.49,131,161,88,1
1,15,105,2.143,1.0,0.571,1.5,21,60,14,1
1,11,66,32.0,0.333,0.803,1.69,22,53,13,1
2,537,1074,268.5,1.0,0.655,24.88,597,704,24,2
10,36,360,27.0,0.367,0.844,2.24,132,304,59,1
16,24,384,1.5,1.0,0.948,5.28,169,364,32,1
9,134,1206,25.0,0.216,0.68,1.65,260,820,158,1
8,83,664,10.375,0.294,1.0,2.17,247,634,90,1
7,135,945,19.286,0.114,1.0,1.09,108,499,99,1
7,22,154,3.143,0.396,1.0,1.85,61,154,33,1
12,23,276,36.0,0.576,1.0,9.94,159,218,16,1
9,26,4815,59.444,0.173,0.667,1.36,832,162,613,1
13,36,1976,11.692,0.312,0.714,2.8,617,1410,220,1
8,20,160,2.5,0.456,1.0,2.35,73,160,25,1
1,200,200,200.0,0.13,1.0,1.04,26,200,642,1
8,25,272,4.25,0.371,0.765,2.1,101,208,48,1
11,100,30,9.091,0.269,0.765,1.9,296,300,3000,1
1,535,4815,59.444,0.157,0.594,1.23,757,2861,617,1
14,217,3038,15.5,1.0,0.632,652.0,813,1919,383,1
8,63,504,7.875,0.435,1.0,2.41,219,425,91,1
1,14,14,14.0,0.929,1.0,1.0,13,14,1,2
9,26,162,6.778,0.213,0.683,1.6,117,1384,73,1
10,8,80,0.8,0.675,1.0,9.0,54,80,6,1
3,5,15,1.667,0.533,1.0,4.0,8,12,2,1
8,25,91,1.5,0.521,0.958,2.5,50,92,20,1
10,23,230,27.0,0.261,0.787,1.76,60,181,34,1
6,32,15,5.333,0.417,1.0,2.11,80,185,38,1
11,67,737,6.091,0.269,0.689,2.96,198,508,33,1
9,26,297,3.667,0.424,0.97,1.85,126,288,68,1
10,29,147,2.0,0.275,0.91,1.9,55,182,29,1
14,254,32,18.143,0.377,0.569,760.0,1341,2022,284,1
11,233,2563,21.182,0.245,0.677,1.8,629,7,349,1
1,1,147,3.0,0.333,0.789,1.4,194,116,35,1
5,15,75,3.0,0.36,0.933,1.35,27,70,20,1
9,83,747,9.222,0.333,0.742,2.93,249,554,23,1
5,15,10,0.007,0.9,0.9,60.0,9,9,7,4
6,19,114,3.167,0.307,0.904,1.59,35,19,22,1
7,45,315,6.429,0.238,1.0,1.15,75,211,65,1
1,7,42,1.167,0.262,0.929,1.38,24,39,90,1
6,47,282,7.833,1.0,0.45,1.61,50,127,31,1
7,49,343,23.0,0.297,0.641,2.08,102,220,49,1
9,26,243,3.0,0.358,0.856,1.85,87,208,47,1
13,30,390,36.0,0.356,0.649,3.23,139,253,43,1
8,15,120,1.875,1.0,0.767,2.29,32,46,338,1
1,12,96,1.5,0.438,1.0,1.5,42,96,28,1
8,24,144,2.25,0.215,0.813,2.38,31,117,13,1
8,27,216,3.375,0.282,0.87,1.36,61,188,24,1
10,29,2620,26.2,0.274,0.757,1.8,719,1984,250,1
8,53,424,6.625,0.358,1.0,1.54,152,416,99,1
11,190,2090,17.273,0.239,0.457,2.11,500,955,1,1
8,24,24,3.0,0.375,0.964,1.8,72,185,40,1
1,219,1533,31.286,0.182,0.798,1.26,279,1224,222,1
32,106,3392,3.313,0.198,0.395,4.56,671,37,147,5
20,18,360,0.9,0.489,0.583,53.0,54,210,9,1
11,32,70,9.364,0.156,0.576,1.44,728,653,123,1
28,330,79,537.0,0.057,0.066,31.0,527,26086,17,2
7,24,245,5.0,0.269,0.939,1.32,66,230,50,1
1,10,100,30.0,0.34,0.93,1.89,34,93,18,1
1,14,98,2.0,0.388,1.0,1.65,38,83,102,1
9,43,387,24.0,0.377,0.922,2.25,146,357,65,1
12,72,36,6.0,0.638,0.918,6.12,215,793,90,1
1,46,230,9.2,0.174,0.804,1.43,40,185,28,1
8,46,25,138.0,0.266,0.886,1.85,1150,326,53,1
47,286,13442,6.085,1.0,0.317,4.67,2459,4258,878,5
12,116,1392,9.667,0.246,0.707,33.0,343,984,172,1
6,16,24,0.667,0.417,0.5,5.0,10,12,2,1
7,35,245,22.0,0.408,0.755,103.0,100,185,42,1
8,24,32,0.5,0.438,0.594,7.0,14,19,2,5
10,41,410,4.1,0.339,0.832,2.01,29,341,69,1
11,189,2079,17.182,0.174,0.062,1.41,361,1275,256,1
7,4,28,0.571,0.429,1.0,2.4,12,20,5,1
7,24,189,3.857,0.101,0.619,3.8,19,117,5,1
14,187,2618,13.357,0.265,0.477,1.0,693,1248,300,1
3,3,9,1.0,1.0,0.889,8.0,8,8,1,1
10,78,780,7.8,1.0,0.856,2.52,297,229,118,1
5,107,535,17.0,0.247,0.91,1.43,323,487,92,1
9,26,1656,20.444,0.206,0.659,1.36,341,1091,251,1
9,82,738,9.111,1.0,0.73,2.47,247,539,100,1
1,271,814,24.636,0.198,0.628,1.52,591,1872,3212,1
1,12,96,1.5,0.417,0.938,2.0,40,90,20,1
25,186,4650,7.44,1.0,0.942,7.39,543,4379,305,1
11,20,220,1.818,0.568,1.0,8.93,125,197,60,1
6,8,21,1.333,0.646,0.917,3.1,31,24,10,1
1,16,128,2.0,0.43,0.859,2.2,55,110,25,1
5,5,14,1.0,1.0,1.0,1.29,9,25,7,1
8,21,168,2.625,0.417,1.0,1.94,70,161,63,1
12,383,4596,41.0,0.307,0.603,2.91,1409,2771,485,1
8,37,27,4.625,0.334,0.831,1.87,99,246,53,1
10,23,230,2.3,0.248,0.678,2.19,57,28,68,1
5,43,215,8.6,0.372,0.888,7.0,80,191,55,1
7,21,147,0.007,0.306,1.0,1.67,45,109,9,1
8,35,280,4.375,1.0,1.0,1.66,945,248,64,1
23,47,1081,2.043,0.315,0.747,2.2,341,808,30,1
1,39,39,39.0,0.897,1.0,8.75,1,39,4,2
7,243,1701,34.714,0.219,0.528,1.62,372,898,1,1
8,82,656,10.25,0.398,0.951,2.51,261,23,104,1
8,63,504,23.0,0.333,0.734,1.58,168,370,106,1
5,7,35,1.4,0.429,1.0,2.5,15,31,6,1
5,9,45,14.0,0.533,0.911,2.0,24,41,12,1
7,36,252,5.143,0.302,0.873,1.36,22,220,56,1
7,10,70,1.429,0.343,0.786,22.0,24,55,18,1
5,16,80,3.2,1.0,0.938,609.0,20,75,10,1
5,8,40,1.6,0.675,0.975,3.0,19,39,9,1
8,32,256,4.0,0.367,1.0,2.47,94,96,38,1
9,45,405,26.0,0.306,0.6,1.68,124,243,74,1
1,50,400,6.25,0.428,0.74,2.31,171,296,74,1
1,107,306,13.375,0.384,0.86,2.12,2952,736,155,1
9,44,396,4.889,0.46,0.937,2.84,182,25,64,1
7,27,24,3.857,0.402,0.746,1.81,76,81,42,1
5,15,35,1.4,0.052,1.0,2.5,20,35,7,1
22,69,57,3.136,0.516,0.848,10.59,784,1287,74,1
10,27,270,2.7,0.3,1.0,1.98,81,174,41,1
1,17,153,1.889,1.0,0.895,2.13,51,137,24,1
8,27,216,3.375,0.269,0.764,1.29,58,24,45,1
5,81,405,16.2,0.311,1.0,1.3,126,243,97,1
10,12,120,29.0,0.367,1.0,1.57,44,120,28,1
7,141,987,20.143,0.163,0.062,23.0,161,777,139,1
7,38,23,5.429,0.301,0.85,1.45,80,226,115,1
10,40,400,4.0,0.295,1.0,2.07,118,273,57,1
7,24,245,5.0,0.302,0.939,1.48,74,230,50,1
1,537,537,537.0,1.0,1.0,537.0,537,537,1,2
11,8,88,0.727,0.602,1.0,34.0,53,88,9,1
1,1,837,10.333,0.323,0.888,2.06,270,743,131,1
9,93,837,10.333,1.0,0.847,1.66,233,709,140,1
1,417,6672,26.063,0.381,1.0,5.29,2543,4349,481,1
5,15,35,1.4,0.2,0.314,7.0,7,11,1,2
1,1,9828,14.538,1.0,0.584,3.46,2252,5737,650,1
13,115,1495,37.0,0.314,0.695,2.62,469,1039,179,1
8,24,120,1.875,0.3,0.642,1.57,36,77,23,1
20,61,113,1.6,0.43,0.555,21.15,275,355,2325,1
9,39,351,4.333,1.0,0.695,1.49,91,244,117,1
9,8,72,0.889,0.583,0.972,21.0,42,24,24,1
1,63,63,63.0,0.587,0.062,2.31,37,63,16,2
24,84,2016,3.5,0.474,0.872,8.69,32,1758,110,1
9,34,306,3.778,1.0,0.641,2.1,88,196,42,1
12,41,32,3.417,0.289,0.74,2.06,142,125,1334,1
8,75,25,9.375,0.423,0.87,3.02,254,522,84,1
6,19,114,3.167,1.0,0.711,1.58,41,81,26,1
11,34,374,3.091,0.364,0.642,2.78,136,32,49,1
7,14,98,22.0,0.327,0.847,1.45,32,83,22,1
8,12,96,1.5,0.427,0.875,2.56,41,84,24,1
8,14,112,1.75,0.42,0.759,2.04,47,85,24,1
10,23,230,2.3,0.287,0.617,2.2,28,142,30,1
8,24,144,2.25,0.354,0.062,1.65,51,109,31,1
1,29,290,2.9,0.29,0.803,1.83,84,233,46,1
1,222,2886,17.077,0.377,0.692,4.92,1087,1997,221,1
1,4,32,0.5,1.0,0.656,4.67,14,21,3,1
7,97,679,21.0,0.196,0.461,1.68,133,313,79,1
9,268,2412,28.0,0.198,0.637,1.36,478,807,351,1
12,9,108,0.75,1.0,1.0,9.17,55,216,6,1
6,43,258,7.167,0.205,0.69,1.77,25,178,30,1
1,34,103,34.0,0.353,1.0,1.71,12,34,7,2
9,26,999,12.333,0.218,0.81,1.7,218,809,128,1
8,7,56,0.875,0.5,0.786,3.11,28,44,21,1
6,17,102,2.833,0.245,0.804,1.39,25,82,19,1
13,37,481,2.846,0.322,0.992,3.52,155,477,29,1
39,353,13767,9.051,0.557,0.608,1.0,7667,8370,454,1
7,24,427,8.714,0.319,0.988,1.77,136,422,77,1
8,24,456,0.007,1.0,1.0,1.45,1,364,84,1
12,85,1020,7.083,0.476,0.614,5.4,486,626,25,1
8,48,384,26.0,0.354,0.865,1.89,136,332,72,1
11,44,484,4.0,0.308,0.818,2.01,149,396,26,1
1,14,98,2.0,0.255,0.735,45.0,25,72,102,1
9,32,288,3.556,0.302,0.674,2.17,87,24,40,1
1,5,35,0.714,0.829,0.829,29.0,29,29,1,1
306,449,142290,1.52,0.055,0.123,445.0,7861,17452,2925,5
5,82,410,16.4,0.361,1.0,2.11,148,329,70,1
3,6,12,1.333,0.917,0.917,11.0,11,11,1,1
10,75,750,7.5,1.0,0.86,2.84,338,645,119,1
12,311,3732,25.917,1.0,0.781,1.64,727,2914,443,1
7,56,392,8.0,0.319,0.829,28.0,125,325,166,1
12,232,2784,33.0,0.316,0.703,2.34,879,1957,375,1
7,125,26,17.857,1.0,0.735,1.59,254,3231,160,1
7,13,91,1.857,1.0,0.835,1.69,27,76,16,1
8,17,136,2.125,0.353,0.801,23.0,52,109,24,1
11,19,30,1.727,0.579,0.957,57.0,121,570,16,1
23,70,3036,5.739,0.95,1.0,20.76,2885,3036,139,1
4,15,60,15.0,0.267,0.8,4.0,16,48,4,1
10,121,1210,27.0,0.268,0.664,2.47,324,364,3212,1
13,400,5200,30.769,0.364,0.609,4.52,1891,7,418,1
24,170,4080,7.083,0.924,0.997,34.0,3768,376,237,1
9,26,873,10.778,0.466,0.973,2.42,407,849,162,1
24,64,1536,2.667,1.0,0.57,3.38,348,875,103,1
12,118,1416,9.833,0.255,0.7,2.06,361,991,33,1
9,26,4797,59.222,0.166,0.803,1.3,797,3853,612,1
7,192,1344,27.429,0.136,0.385,1.0,183,518,135,1
8,34,272,4.25,0.36,1.0,1.88,98,195,103,1
1,18,126,2.571,0.397,0.984,1.79,50,124,28,1
10,173,1730,17.3,0.09,0.375,17.0,155,649,102,1
10,504,31,537.0,0.139,0.665,1.19,701,3352,590,1
25,9,225,0.36,1.0,0.436,2.47,42,29,17,5
7,41,287,5.857,0.226,0.784,24.0,65,225,44,1
5,18,90,16.0,0.4,0.811,1.64,36,73,22,1
6,45,270,20.0,1.0,0.881,1.73,114,238,66,1
7,181,1267,25.857,0.316,0.758,1.65,400,961,1,1
1,19,152,2.375,0.388,0.809,1.97,59,123,30,1
16,24,384,51.0,0.393,0.935,4.72,151,359,32,1
9,99,27,11.0,0.189,0.745,1.4,168,664,120,1
7,20,140,2.857,0.25,1.0,1.35,35,60,26,1
7,13,91,1.857,1.0,0.978,39.0,28,89,18,1
14,364,5096,26.0,0.366,0.062,4.71,1865,2865,396,1
1,537,1074,268.5,0.538,0.594,32.11,578,638,18,2
11,32,814,6.727,0.267,1.0,2.21,217,511,98,1
7,2,14,0.286,0.643,0.714,9.0,9,10,20,4
11,32,462,3.818,0.335,0.829,66.0,155,383,69,1
2,69,138,34.5,0.623,0.906,10.75,86,125,1,2
6,101,606,16.833,0.411,0.876,1.93,249,19,200,1
10,25,30,2.5,0.408,0.68,2.43,102,170,42,1
10,29,260,2.6,0.273,0.815,1.87,71,212,38,1
8,25,2104,32.875,0.154,1.0,1.19,325,1156,274,1
9,179,1611,19.889,0.341,0.062,2.4,550,1200,229,1
1,14,14,14.0,0.643,1.0,3.0,9,14,1,2
9,114,1026,12.667,0.272,1.0,1.86,279,760,150,1
13,104,1352,33.0,0.198,0.639,3.44,310,864,78,1
1,464,98368,2.189,0.052,0.07,11.84,5066,6884,428,5
10,29,500,5.0,0.472,0.812,250.0,236,406,86,1
6,7,17,1.167,0.238,0.69,10.0,10,29,1,2
38,96,3648,2.526,1.0,0.836,3.29,1574,3051,478,1
1,44,396,4.889,1.0,0.795,2.47,163,315,66,1
12,72,864,6.0,0.635,1.0,215.0,549,812,92,1
1,77,77,77.0,0.403,0.062,5.17,31,77,6,2
1,8,8,8.0,1.0,1.0,8.0,8,7,1,2
4,25,100,6.25,0.28,0.71,1.33,28,13,21,1
1,17,102,2.833,0.255,0.745,1.18,26,76,22,1
9,83,747,9.222,0.351,0.726,2.94,262,542,23,1
9,47,423,28.0,0.31,0.78,2.34,131,330,139,1
9,64,576,7.111,0.318,1.0,2.18,197,471,84,1
8,19,152,2.375,0.388,1.0,1.74,59,152,34,1
28,32,896,83.0,0.481,1.0,7.43,2417,665,58,3
1,346,994,43.25,0.144,0.581,1.31,398,1607,304,1
10,271,2710,27.1,0.168,1.0,565.0,454,1659,351,1
7,173,1211,25.0,1.0,0.86,1.34,251,1042,187,1
9,69,621,7.667,0.209,0.808,34.0,130,502,210,1
9,26,1638,20.222,0.378,0.789,2.95,619,1292,210,1
1,1,112,2.286,0.446,0.946,2.0,50,106,194,1
10,7,70,0.7,0.157,0.6,1.57,28,42,21,5
10,48,480,4.8,0.313,0.76,2.5,150,27,60,1
1,1,84,2.333,0.393,0.905,1.57,33,76,194,1
8,19,152,2.375,1.0,0.664,3.0,66,101,22,1
8,25,280,4.375,0.357,0.921,1.64,100,258,61,1
5,27,135,5.4,0.267,0.622,1.71,14,84,21,1
2,21,42,2.0,0.452,1.0,44.0,19,42,3,2
8,24,8,0.125,0.875,1.0,7.0,7,8,1,5
67,296,19832,4.418,0.088,0.285,1.54,1748,5649,91,1
9,12,108,1.333,0.389,0.852,2.33,42,92,24,1
7,9,63,1.286,0.317,0.81,1.54,20,51,20,1
12,72,36,6.0,0.623,0.86,6.73,215,743,80,1
7,30,210,4.286,0.338,0.762,1.54,20,160,46,1
10,170,1700,17.0,0.261,0.709,9.0,444,1206,268,1
14,192,2688,13.714,0.234,0.589,2.28,628,1584,1,1
1,107,1070,10.7,0.273,0.738,293.0,292,790,161,1
12,302,3624,25.167,0.199,0.795,1.68,1,2880,429,1
1,261,3132,21.75,0.223,0.578,1.92,698,1810,364,1
10,30,300,31.0,0.357,0.87,2.14,107,261,90,1
10,130,27,13.0,0.486,0.856,390.0,632,1113,199,1
1,18,90,3.6,0.322,1.0,1.45,29,90,20,1
9,127,1143,30.0,0.174,0.718,1.28,199,821,379,1
1,1,1375,11.364,0.432,0.804,3.03,1189,1105,196,1
1,184,543,16.727,0.455,0.76,4.72,920,1539,3212,1
10,19,190,1.9,0.311,1.0,1.69,59,190,30,1
8,6,48,0.75,1.0,0.646,13.0,26,31,2,1
10,19,190,1.9,0.326,0.768,30.0,62,146,39,1
5,2,10,0.4,1.0,0.7,7.0,7,7,1,4
8,30,240,3.75,0.433,1.0,2.12,22,240,49,1
1,3,8,8.0,1.0,1.0,8.0,8,112,1,2
8,109,24,13.625,0.2,1.0,1.39,174,745,125,1
1,3,27,27.0,0.593,1.0,112.0,16,262,4,1
8,24,48,0.75,0.333,0.979,1.78,16,47,9,1
1,160,5280,486.0,0.219,0.389,4955.0,1154,2054,182,1
7,30,24,4.286,0.3,0.886,1.43,63,186,44,1
10,50,30,5.0,0.268,0.764,1.94,134,382,147,1
9,27,351,0.007,0.293,0.937,2.06,103,329,50,1
9,17,153,1.889,0.144,0.458,3.14,23,70,7,5
1,13,13,13.0,0.692,1.0,3.0,9,13,1,2
9,27,423,0.007,0.286,0.738,1224.0,121,312,62,1
9,26,1449,17.889,0.432,0.93,2.87,626,1347,162,1
7,4,19,0.571,0.5,1.0,2.33,13,28,6,1
1,9,81,1.0,0.346,0.877,2.8,28,71,10,1
7,19,133,2.714,0.451,1.0,2.73,60,129,22,1
10,238,32,23.8,0.353,0.727,2.85,840,1730,295,1
8,75,600,9.375,0.373,0.955,1.95,224,573,22,1
13,213,2769,16.385,0.359,0.658,4.65,995,1821,1,1
7,49,343,7.0,0.318,1.0,1.91,109,210,57,1
9,233,2097,25.889,0.165,0.062,1.26,345,1441,274,1
1,134,1474,12.182,0.286,0.777,2.36,422,409,179,1
9,19,171,2.111,0.275,1.0,1.52,47,56,31,1
8,24,72,1.125,0.431,1.0,2.38,31,72,13,1
8,32,256,4.0,0.402,0.496,34.33,24,127,3,1
1,48,432,5.333,0.273,1.0,1.42,118,296,83,1
8,75,600,9.375,0.415,0.91,2.37,22,546,105,1
87,116,10092,1.333,0.406,0.416,104.95,214,4194,39,1
12,50,600,4.167,1.0,0.627,2.72,207,147,76,1
5,7,35,1.4,0.6,1.0,2.33,21,19,22,1
10,1,10,28.0,1.0,1.0,10.0,10,10,1,4
2,5,408,185.0,0.412,0.681,10.5,411,278,16,2
10,29,300,3.0,0.363,0.71,2.42,109,213,45,1
9,510,4590,56.667,1.0,0.636,1.24,629,2918,506,1
17,1,17,0.059,1.0,1.0,17.0,51,17,1,4
9,123,1107,13.667,0.346,0.74,27.0,383,819,173,1
1,211,1477,30.143,0.257,0.653,1.7,380,965,223,1
12,20,240,1.667,0.546,1.0,8.19,131,201,16,1
6,16,84,2.333,0.571,1.0,2.29,48,84,21,1
6,11,66,19.0,1.0,0.97,1.57,22,64,14,1
14,1,14,0.071,1.0,1.0,14.0,14,39,1,4
2,536,1072,268.0,1.0,0.512,180.33,541,549,3,2
13,36,871,5.154,0.441,0.83,5.19,384,723,74,1
4,17,68,4.25,0.309,0.559,3.5,21,19,6,1
7,21,147,3.0,0.259,0.837,23.0,38,123,26,1
10,30,650,0.007,0.475,0.971,2.76,309,631,1930,1
8,7,56,0.875,0.375,1.0,22.0,21,56,8,1
9,119,24,13.222,1.0,0.965,2.34,452,2849,193,1
16,341,5456,21.313,0.378,0.062,5.23,2060,3949,394,1
5,12,60,2.4,0.2,1.0,39.0,1,28,7,1
7,223,16,31.857,0.121,0.527,1.33,189,823,142,1
9,14,126,1.556,0.587,0.944,6.17,28,119,12,1
8,53,424,27.0,0.33,0.894,1.63,140,379,162,1
7,4,28,0.571,0.321,1.0,3.0,22,28,3,1
9,26,2979,36.778,0.222,1.0,1.57,661,2056,421,1
10,26,260,28.0,0.3,0.954,1.59,78,248,49,1
9,21,189,2.333,0.354,0.878,26.0,67,166,25,1
8,48,384,6.0,1.0,0.807,1.92,119,310,62,1
1,13,40,1.625,0.663,0.817,6.9,69,85,10,1
9,80,28,242.0,0.293,0.868,1.85,211,625,114,1
14,2,28,0.143,1.0,0.536,15.0,15,15,1,4
7,375,2625,53.571,0.052,0.428,1.21,241,23,200,1
6,68,408,11.333,0.257,0.672,1.15,105,274,10,1
1,537,1074,537.0,0.621,0.747,16.68,667,802,40,2
7,24,164,537.0,1.0,0.804,2.0,20,45,10,1
17,48,408,1.412,0.407,0.809,4.88,797,6640,34,1
11,8,88,30.0,0.705,1.0,8.86,62,88,7,1
9,26,1665,20.556,0.386,0.686,2.83,643,1142,227,1
7,21,147,3.0,1.0,0.728,1.41,48,107,34,1
10,126,31,12.6,0.456,0.875,2.98,575,1103,380,1
1,9,9,9.0,1.0,1.0,1.0,9,9,1,2
24,177,4248,77.0,0.508,0.927,8.05,2157,3939,268,1
3,59,7,19.667,0.475,0.475,84.0,84,84,1,2
8,148,1184,18.5,0.196,0.718,1.28,232,850,1,1
7,45,315,6.429,1.0,0.708,1.29,80,223,62,1
7,33,231,4.714,1.0,0.844,2.36,99,195,14,1
1,191,2483,14.692,0.406,0.617,4.71,530,2067,29,1
9,23,207,2.556,0.213,0.507,26.0,44,105,28,1
7,215,22,30.714,0.538,0.993,3.2,810,645,253,1
11,56,31,5.091,1.0,1.0,3.09,238,431,11,1
12,1,12,39.0,1.0,1.0,12.0,12,12,39,4
5,13,65,2.6,0.554,0.8,2.57,36,16,14,1
13,377,28,29.0,1.0,0.746,1.59,872,10605,548,1
7,51,357,7.286,0.283,0.91,1.35,20,325,75,1
9,47,27,5.222,0.274,0.747,2.42,116,316,48,1
12,115,36,9.583,0.256,0.572,1.74,353,790,203,1
10,29,1860,18.6,0.347,0.771,2.42,645,1434,267,1
9,82,738,9.111,1.0,0.562,1.48,181,247,2223,1
1,15,44,2.5,0.267,0.833,2.0,24,75,12,1
14,186,2604,13.286,0.307,0.652,1.0,799,1698,319,1
